GenID	rpfCGH_mean	Void_mean	theta	prob	log2FC
1185660.4.peg.1000	3263.5	5893.5	-1.04354763928767	0.996737402738525	-0.85270462921581
1185660.4.peg.1001	4092.5	8348.5	-1.07103942840328	0.995984000414031	-1.02853459083221
1185660.4.peg.1002	3066	14757.5	-1.5917338293364	0.999866464599886	-2.26701873967615
1185660.4.peg.1003	2725	4236.5	-0.675675405250771	0.979802814219298	-0.636616639174243
1185660.4.peg.1004	4643	16867.5	-1.8354206333397	0.999669616645301	-1.86111697581967
1185660.4.peg.1005	3473.5	8485.5	-1.21512170103004	0.997310114459182	-1.28860957437183
1185660.4.peg.1006	3089	5438	-0.912211532419037	0.986928994851235	-0.815936280397122
1185660.4.peg.1007	6940	11644.5	-0.704627642581474	0.979759968031408	-0.746641125474847
1185660.4.peg.1008	14957	99447	-2.09786763365081	1	-2.73310701447978
1185660.4.peg.1009	5636	14829.5	-1.51126143098222	0.999781609753159	-1.39572643911186
1185660.4.peg.1010	4222.5	12436.5	-1.65573658722991	0.999999999963261	-1.55841119727242
1185660.4.peg.1011	4674.5	9386	-1.13727992496478	0.992820943275272	-1.00569840255262
1185660.4.peg.1012	3443.5	7308.5	-1.67737999807779	0.999999999999988	-1.08569966011643
1185660.4.peg.1013	2747	7765.5	-2.72362094833652	1	-1.49922190850623
1185660.4.peg.1014	3302	6202	-0.90526391856329	0.986338028434902	-0.909393405699364
1185660.4.peg.1015	1406.5	2314.5	-0.665858441919449	0.979533669020744	-0.718591009977191
1185660.4.peg.1016	1372	3668	-1.36919098024161	0.997860378360075	-1.41871315742224
1185660.4.peg.1017	3142.5	5680.5	-0.962266336962049	0.990979500845329	-0.854105177297705
1185660.4.peg.1018	2120	14209.5	-2.38295211131448	1	-2.74471962041416
1185660.4.peg.1019	1402	2912	-1.19113679650126	0.995565045044843	-1.05452400618807
1185660.4.peg.1021	2260.5	5241.5	-1.52698331178615	0.999105374188786	-1.21333782022826
1185660.4.peg.1022	3389	5968.5	-0.854973450192344	0.986626991865684	-0.816508762930899
1185660.4.peg.1023	2281.5	3569	-0.597452086580742	0.972700392286974	-0.64553724760337
1185660.4.peg.1024	2128.5	3065	-0.547657821028116	0.969993653521386	-0.526049983796436
1185660.4.peg.1025	1824.5	3504	-0.900633109304766	0.985747059477664	-0.941501624016692
1185660.4.peg.1030	136.5	131.5	0.0385367075032677	0.154041398628615	0.0538381516275502
1185660.4.peg.1036	1268	1326.5	-0.152471414130498	0.815819566443416	-0.0650699300892886
1185660.4.peg.1045	91	74	0.233304910221248	0.840811781741573	0.298341274569747
1185660.4.peg.1046	113.5	106	0.0721821534853697	0.439221902504166	0.0986280327277157
1185660.4.peg.1047	31	54	-0.4880216487116	0.963146944865398	-0.800691191776593
1185660.4.peg.1048	19.5	30.5	-0.374948883445989	0.939663061378741	-0.645335118700638
1185660.4.peg.1049	53.5	69	-0.235593171685523	0.900237998263901	-0.367057470377022
1185660.4.peg.1051	221.5	440	-0.761839921442108	0.982537179241024	-0.990196824969641
1185660.4.peg.1053	24.5	15.5	0.332514940707665	0.879509852691133	0.660513533728333
1185660.4.peg.1057	27	22.5	0.166822076773973	0.796007913900775	0.263034405833794
1185660.4.peg.1060	274.5	205.5	0.409470401869403	0.881626104558983	0.417667755323516
1185660.4.peg.1066	254	152.5	0.557647475435747	0.901323129737933	0.736019254321917
1185660.4.peg.1071	74	79	-0.0707444241059557	0.500258490558666	-0.0943273825481531
1185660.4.peg.1077	564.5	778	-0.651695040038541	0.978000313022675	-0.462796574213191
1185660.4.peg.1088	307.5	260.5	0.226346869670852	0.836102592983363	0.239303037948094
1185660.4.peg.109	46.5	46.5	0	0.00340268836392943	0
1185660.4.peg.1094	53	68	-0.21571164064281	0.889672114705486	-0.35954238668714
1185660.4.peg.1095	136.5	112	0.218388380577461	0.832883958597878	0.285402218862248
1185660.4.peg.1107	27.5	45.5	-0.453081716128863	0.958345466813865	-0.726434926674037
1185660.4.peg.1112	34.5	23	0.385479234276359	0.880486750380573	0.584962500721156
1185660.4.peg.1114	193.5	126	0.300465479366678	0.866198814789157	0.618909832644494
1185660.4.peg.1115	22	28	-0.169917101770681	0.841574747537154	-0.347923303420307
1185660.4.peg.1130	66	159	-0.909218446578856	0.986721346366527	-1.2684888359259
1185660.4.peg.1139	2769.5	14244.5	-2.55121727044173	0.999999999999999	-2.36270753851259
1185660.4.peg.1142	349	347	0.00890488675612	0.0031098648128266	0.00829137363139147
1185660.4.peg.1143	337	377	-0.146633939691412	0.805770687643663	-0.161815932086806
1185660.4.peg.1145	582.5	545.5	0.10144339430647	0.621372385240591	0.0946788532180355
1185660.4.peg.1146	79.5	89	-0.0914241056400506	0.630084175507998	-0.162850475682042
1185660.4.peg.1153	10.5	61	-1.0349058176724	0.996247963384646	-2.53841991478413
1185660.4.peg.1154	14.5	59	-0.865808129993187	0.984459572791002	-2.02466205423427
1185660.4.peg.1155	13	33.5	-0.49722733031709	0.964813216280344	-1.36564947231668
1185660.4.peg.1160	17	17	0	0.00340268836392943	0
1185660.4.peg.1164	8.5	10	-0.131579995770201	0.774863596744693	-0.234465253637023
1185660.4.peg.1169	8.5	132	-2.04215868147302	1	-3.95693127810811
1185660.4.peg.117	481	415.5	0.212747519471962	0.831694257226462	0.211188416999697
1185660.4.peg.1178	351	478	-0.408009094637339	0.948898496086948	-0.445539587676188
1185660.4.peg.118	279.5	437	-0.619675842162976	0.974549458012425	-0.644784996657408
1185660.4.peg.1207	12.5	52.5	-1.26177304931174	0.996195967453255	-2.0703893278914
1185660.4.peg.1209	29	82.5	-0.814499033414259	0.989465301443816	-1.50834121911824
1185660.4.peg.1226	7	9	-0.184430651691611	0.859586836587389	-0.362570079384708
1185660.4.peg.1228	100	74	0.289974613206598	0.863596998549068	0.434402824145775
1185660.4.peg.1241	55.5	37	0.355998375736554	0.882198679626803	0.584962500721156
1185660.4.peg.1275	17	27.5	-0.409533783856354	0.949433163925505	-0.69389687227432
1185660.4.peg.1278	4	52	-1.52877238598349	0.998984232897606	-3.70043971814109
1185660.4.peg.1286	101	91.5	0.109012975128952	0.652554695465686	0.142511644467752
1185660.4.peg.1287	139.5	160	-0.197195767960167	0.872962974102831	-0.197806783058175
1185660.4.peg.1289	47.5	63	-0.240746752370999	0.901191129007286	-0.407424315168969
1185660.4.peg.1291	32	75	-0.560970565834959	0.970925840574385	-1.22881869049588
1185660.4.peg.1298	22.5	24	-0.0562329415264402	0.3897873684802	-0.0931094043914815
1185660.4.peg.1299	110.5	303	-1.17274351270465	0.993802060988482	-1.45527142408152
1185660.4.peg.1300	105.5	88.5	0.159265170397048	0.7833750012975	0.253493638624188
1185660.4.peg.1308	15	16	-0.0517821707700862	0.353377900183134	-0.0931094043914815
1185660.4.peg.131	6	82	-1.91586772656191	0.999858815262786	-3.77258950389693
1185660.4.peg.1321	188	176	0.0989991384053129	0.610172150846106	0.09515723304034
1185660.4.peg.1324	155	104	0.483158192844255	0.909859565235105	0.575684687133145
1185660.4.peg.1327	58.5	55.5	0.0500629402821049	0.249465172935806	0.0759488532332984
1185660.4.peg.1329	29	123.5	-1.34029601849206	0.997979502984532	-2.09038623645711
1185660.4.peg.1339	45	38.5	0.100632346123743	0.617645316828457	0.225066555634773
1185660.4.peg.1376	23	26	-0.0870201499579805	0.605664739487939	-0.176877762084079
1185660.4.peg.1377	25.5	31	-0.157559121954811	0.82389903869859	-0.28177096841538
1185660.4.peg.138	33.5	31.5	0.0577568873376094	0.316814162221204	0.088809266957856
1185660.4.peg.1386	688.5	669.5	0.0713627600293876	0.432715457394681	0.0403725988106536
1185660.4.peg.1387	671.5	535.5	0.460790880634707	0.901584684088089	0.326500824677186
1185660.4.peg.1388	730.5	992.5	-0.858623641826809	0.985864575386343	-0.442182829226822
1185660.4.peg.1389	411.5	343	0.36255084751656	0.882405416507109	0.262683854248813
1185660.4.peg.139	11	12	-0.0860205609500335	0.599832230668806	-0.125530882083859
1185660.4.peg.1394	104	92	0.114500654933892	0.672437860226954	0.176877762084079
1185660.4.peg.1397	69.5	95.5	-0.330977118585528	0.928529672818965	-0.458487755312241
1185660.4.peg.14	1172.5	1056	0.14409557232013	0.753730085940342	0.150978088044285
1185660.4.peg.1413	156.5	179.5	-0.132340278018068	0.776650012263778	-0.197821186890433
1185660.4.peg.1415	74	62	0.149204782334701	0.764418265511907	0.255257055242075
1185660.4.peg.1417	107.5	59	0.398892978291745	0.879460512058328	0.865549800227619
1185660.4.peg.1419	83.5	103	-0.152884475324935	0.81649162600264	-0.302796234709166
1185660.4.peg.1420	66	57.5	0.137843539561684	0.739576913965754	0.198904068414078
1185660.4.peg.1429	43.5	27.5	0.292171867926205	0.863878336454187	0.661583782324069
1185660.4.peg.1430	18	19.5	-0.04485580985748	0.294753425881694	-0.115477217419936
1185660.4.peg.1431	14.5	13	0.0635217018304118	0.367077699174065	0.15754127698648
1185660.4.peg.1432	29.5	21	0.205148224623994	0.830435528264802	0.490325626583081
1185660.4.peg.1434	8	7	0.130042518387534	0.719833354105952	0.192645077942396
1185660.4.peg.1437	55	32.5	0.365670366213316	0.882429660659384	0.758991900496205
1185660.4.peg.144	29	29.5	-0.014161636762183	0.054453889480007	-0.0246620542342691
1185660.4.peg.1440	50	85	-0.442999098507355	0.957350289976545	-0.765534746362977
1185660.4.peg.1448	46	111.5	-0.740440386815147	0.980800746862551	-1.27733794386329
1185660.4.peg.145	59	55.5	0.0504634873691188	0.252935800528269	0.0882271830117353
1185660.4.peg.1451	63	49	0.248614626151975	0.854555685600173	0.362570079384708
1185660.4.peg.1452	38	54	-0.345849572056176	0.933078979963329	-0.506959988719883
1185660.4.peg.1457	26	29.5	-0.0782645475210472	0.551684034286613	-0.182203331220749
1185660.4.peg.1458	30	39	-0.182254266660556	0.857097530749389	-0.37851162325373
1185660.4.peg.1461	70	69	0.0133167404080987	0.0121533894064589	0.0207585601667975
1185660.4.peg.1462	119	113.5	0.0477263531994935	0.229370995649556	0.0682692760170284
1185660.4.peg.147	12.5	20	-0.370770571060315	0.938709181934574	-0.678071905112638
1185660.4.peg.1480	258	203.5	0.346785824264365	0.881622710155845	0.342342271157007
1185660.4.peg.1482	3039.5	5856.5	-1.12022884927966	0.994553442255774	-0.946204710507989
1185660.4.peg.1483	2797	10602.5	-2.29263776562559	1	-1.92245232400761
1185660.4.peg.1484	1368	2185	-0.703454925408718	0.979774538159325	-0.675565049502063
1185660.4.peg.1485	136	142.5	-0.0412181555949684	0.263368376726049	-0.0673552678017647
1185660.4.peg.1488	67	63	0.048413768640755	0.235242573746134	0.088809266957856
1185660.4.peg.1489	8.5	19	-0.459395664682276	0.958957389064616	-1.16046467219325
1185660.4.peg.149	546	670	-0.485878554578878	0.962762999199573	-0.295260144425282
1185660.4.peg.1492	154.5	111	0.396929735832137	0.879358581938342	0.477047161554269
1185660.4.peg.1493	256.5	250	0.0331022057924132	0.113687011026875	0.037030730944967
1185660.4.peg.1496	118.5	77	0.462761363637145	0.902869450688056	0.621956708203358
1185660.4.peg.1497	111	77.5	0.384398447720357	0.880668271407104	0.518291461075869
1185660.4.peg.1498	104.5	71	0.331395182697201	0.879238910579924	0.557612012576201
1185660.4.peg.1499	89.5	47	0.504654239100999	0.913942303579023	0.929226925586619
1185660.4.peg.1500	70.5	53.5	0.251060979078886	0.856568165884633	0.398084365997647
1185660.4.peg.1509	173.5	111.5	0.503285346817391	0.913554942401057	0.637891952657956
1185660.4.peg.1510	128.5	129	-0.00505817582646201	0.0147732034660321	-0.00560270622937602
1185660.4.peg.1511	108.5	115.5	-0.0632419981362413	0.444828892206339	-0.0901978089715781
1185660.4.peg.1515	136.5	131	0.05562174499049	0.29803919600613	0.059334139382402
1185660.4.peg.1529	90	169	-0.857748594969712	0.986047874740263	-0.909026339952509
1185660.4.peg.1531	7.5	10.5	-0.256152624296745	0.901848744594068	-0.485426827170242
1185660.4.peg.1536	8.5	118	-1.5127583863879	0.99975070747245	-3.7951802081115
1185660.4.peg.1537	6	90	-1.22641745752297	0.997316410724286	-3.90689059560852
1185660.4.peg.1538	8	69.5	-0.998608237907168	0.99476085677407	-3.11894107272351
1185660.4.peg.1539	6	44.5	-0.833130475030785	0.989614845079565	-2.89077093024524
1185660.4.peg.1540	8.5	48	-0.853870823892621	0.986854017224757	-2.49749965947082
1185660.4.peg.1542	63.5	102.5	-0.38158871217142	0.941168911653503	-0.69079541273328
1185660.4.peg.1548	172.5	123.5	0.372841555663402	0.882177077951504	0.482085320080854
1185660.4.peg.1556	181	185	-0.0283070704029062	0.153620552999984	-0.0315355734331068
1185660.4.peg.1567	62	79.5	-0.182647527381053	0.857556939085849	-0.35868664489748
1185660.4.peg.1568	137	141	-0.0294741590307428	0.163072833772908	-0.0415192694382669
1185660.4.peg.1581	212	185.5	0.18355914935467	0.818083062331092	0.192645077942396
1185660.4.peg.1583	117.5	126.5	-0.0756477042835248	0.534279239039918	-0.10647662812931
1185660.4.peg.159	29.5	36	-0.109734768970165	0.711837732133078	-0.287281952080471
1185660.4.peg.160	50.5	51.5	-0.0172834303777847	0.0730313961321111	-0.0282890444314236
1185660.4.peg.162	38	47	-0.156102554580431	0.821631681758294	-0.306661338234052
1185660.4.peg.1624	91.5	118.5	-0.250467107853655	0.901754200885011	-0.373043410614217
1185660.4.peg.1625	185.5	122.5	0.473773934944558	0.908149374948143	0.598637437618233
1185660.4.peg.1633	16.5	14.5	0.104242597631688	0.633527160903125	0.186413124230881
1185660.4.peg.1647	393.5	298.5	0.449922514825458	0.894288132075355	0.398632704242681
1185660.4.peg.1648	114	81.5	0.295642044938149	0.86461304970836	0.484161859933664
1185660.4.peg.1650	84	71	0.142735908157609	0.750754598511788	0.242570303274078
1185660.4.peg.1651	165.5	122.5	0.259491828515544	0.861862497422768	0.434049467804647
1185660.4.peg.1653	228	199	0.127876997629062	0.71389354133259	0.196265393621093
1185660.4.peg.1657	176	195.5	-0.114973775204847	0.729689043123698	-0.151593178670055
1185660.4.peg.1659	233.5	242	-0.051270989743402	0.349126412310165	-0.0515844975649327
1185660.4.peg.1664	1835	2263	-0.344336862219424	0.932705080074151	-0.302456521536317
1185660.4.peg.1672	485	301	0.846304688478216	0.921670302213817	0.688221260314788
1185660.4.peg.1684	35	82	-0.828911770780858	0.989760403137711	-1.22826898767312
1185660.4.peg.17	70	60	0.136839272773235	0.737136389339657	0.222392421336448
1185660.4.peg.1705	24	18	0.250585784850485	0.856189028568306	0.415037499278844
1185660.4.peg.1747	76.5	570.5	-2.02093593271471	1	-2.89869523359603
1185660.4.peg.1751	190	173	0.125369321149056	0.706773981495	0.135227380694223
1185660.4.peg.1754	259	315	-0.226522555462556	0.896785046695162	-0.282399730700725
1185660.4.peg.1757	404.5	278	0.625199877141492	0.908468494545371	0.54105481970647
1185660.4.peg.1759	242.5	208	0.234191962463872	0.841536744979878	0.221401218933398
1185660.4.peg.176	176.5	138	0.274884093945546	0.864179735545186	0.354999916493011
1185660.4.peg.1761	539	490.5	0.168695901539789	0.798943067972934	0.136032136533267
1185660.4.peg.1767	236	192	0.261099265046917	0.862542714444142	0.297680548640685
1185660.4.peg.1775	152	152	0	0.00340268836392943	0
1185660.4.peg.1776	74	86	-0.143802587181517	0.800529104153323	-0.216811389073148
1185660.4.peg.1786	301.5	287.5	0.0814385961867205	0.508364548321943	0.0685960460683472
1185660.4.peg.1793	85	74	0.154456576906103	0.774635567392447	0.199937570508752
1185660.4.peg.180	166.5	83.5	0.616037143225599	0.90876255944358	0.99567407459721
1185660.4.peg.1803	29	55.5	-0.497365439827946	0.964838165085292	-0.936434871222534
1185660.4.peg.1804	20.5	39	-0.40024596870914	0.946226741494053	-0.927850214244165
1185660.4.peg.1805	14.5	21.5	-0.248842006509873	0.901725211071892	-0.568283759574526
1185660.4.peg.1806	15.5	27.5	-0.47684803754132	0.961233134228179	-0.827163403137784
1185660.4.peg.181	129.5	172	-0.258585455333972	0.90194438912003	-0.409456467015544
1185660.4.peg.1812	29	28	0.0295538551849747	0.0894870146682122	0.0506260730699681
1185660.4.peg.1813	57.5	78	-0.280070354522018	0.907407373483207	-0.439912167917873
1185660.4.peg.1815	96	112	-0.176349510495524	0.849946183782575	-0.222392421336448
1185660.4.peg.1816	14.5	16.5	-0.0858964738477518	0.599108159431565	-0.186413124230881
1185660.4.peg.1817	78.5	110.5	-0.361086070354528	0.936503493086505	-0.493281810499805
1185660.4.peg.182	135.5	195	-0.309974731139005	0.920557611309017	-0.525181272395739
1185660.4.peg.1822	68	84.5	-0.154639079816835	0.819350257755108	-0.313416595031845
1185660.4.peg.1823	8.5	9.5	-0.0952356192562004	0.649737353035873	-0.160464672193246
1185660.4.peg.1825	197.5	265.5	-0.374121563854874	0.939474411626065	-0.426859207739688
1185660.4.peg.1826	109	103.5	0.0576507802130792	0.315884488364669	0.0746973672776011
1185660.4.peg.1827	76	67.5	0.132713877950016	0.726879718585608	0.171111916392755
1185660.4.peg.1828	1096	1149	-0.0633052055637974	0.445308723299452	-0.0681309996855866
1185660.4.peg.1829	214.5	231	-0.10281957444042	0.684618829564294	-0.106915203916512
1185660.4.peg.1833	145.5	148	-0.0142362775749852	0.0548654999301567	-0.0245780227206659
1185660.4.peg.1837	480.5	20.5	2.1121261695427	0.999999999999999	4.55084061615567
1185660.4.peg.184	35.5	39	-0.0611154566446679	0.428433751839325	-0.135655099357566
1185660.4.peg.1846	18.5	18	0.0221161181147642	0.0465480773817819	0.0395283641866373
1185660.4.peg.1848	65	63.5	0.0242922508803277	0.0579058693713852	0.0336831262562886
1185660.4.peg.1853	186.5	138	0.385280623921383	0.880520223063203	0.434507363477069
1185660.4.peg.1860	13.5	12.5	0.0696796711462362	0.418967843418898	0.111031312388744
1185660.4.peg.1861	11.5	12.5	-0.0549486953933046	0.379390517349209	-0.120294233717712
1185660.4.peg.1865	68.5	74.5	-0.0871425825270372	0.606379088099391	-0.121136437501635
1185660.4.peg.1870	162	152.5	0.0830196257701804	0.519136848681444	0.087184570434376
1185660.4.peg.1872	28.5	33.5	-0.102418547900311	0.682930119463683	-0.233199176293031
1185660.4.peg.1873	18.5	24.5	-0.162368502382742	0.831049014502043	-0.405256478486259
1185660.4.peg.1874	19	26.5	-0.172382377176807	0.844847283543095	-0.479992941119614
1185660.4.peg.1875	33	33.5	-0.00878697210350425	0.0282027751679341	-0.0216950710993191
1185660.4.peg.1876	13	15.5	-0.0906362842129434	0.625916172453774	-0.253756592245783
1185660.4.peg.1877	12.5	19	-0.233103527856012	0.899514660696774	-0.604071323668861
1185660.4.peg.1878	20	26.5	-0.183835159884356	0.858908190508318	-0.405992359675837
1185660.4.peg.1879	22	45	-0.481093881841019	0.961930291801969	-1.03242147769238
1185660.4.peg.188	181	256.5	-0.454134996146255	0.958443960916331	-0.502969128523849
1185660.4.peg.1883	194.5	162	0.228313238421283	0.837258114003063	0.263776342101567
1185660.4.peg.1884	276.5	199.5	0.431404471891561	0.887743086860005	0.470890734012361
1185660.4.peg.1885	174.5	160.5	0.111600508570874	0.662182226568913	0.120653739087349
1185660.4.peg.1888	52.5	69	-0.243382576465715	0.901466474933107	-0.394278939112046
1185660.4.peg.1889	151.5	120.5	0.24073927497959	0.847356096770164	0.330284647242989
1185660.4.peg.1896	87	78	0.0938136218159041	0.584080207187962	0.15754127698648
1185660.4.peg.1897	36.5	38	-0.0381513761213157	0.23680808447189	-0.0581029545635683
1185660.4.peg.1900	67	41	0.496881553925859	0.911856304747927	0.708537185839689
1185660.4.peg.1902	69.5	60	0.133125689172903	0.727918330184886	0.212050477114989
1185660.4.peg.1905	71	46.5	0.450828013990107	0.894847091214849	0.610588308396651
1185660.4.peg.1908	324	373	-0.251514676854278	0.901767575286731	-0.203181817370613
1185660.4.peg.1910	223.5	237	-0.0889459627194398	0.616561075016745	-0.0846122277149413
1185660.4.peg.1917	263.5	239.5	0.134753768995372	0.732041296172173	0.137777305901034
1185660.4.peg.1922	115.5	112.5	0.0285808728408808	0.0833214657256235	0.0379678501990204
1185660.4.peg.1925	57	94	-0.405980828272119	0.948184682207166	-0.721698837512896
1185660.4.peg.1929	16	20	-0.17026219229345	0.842038155057839	-0.321928094887362
1185660.4.peg.193	101	96	0.0574876803290629	0.314456007413093	0.0732489820306385
1185660.4.peg.196	36.5	30.5	0.151925039935159	0.769798248186875	0.259087221317131
1185660.4.peg.1976	74.5	229	-1.04971756945224	0.996829367407138	-1.62003526763478
1185660.4.peg.1978	59	54	0.0689154953756333	0.412710895147024	0.127755547198373
1185660.4.peg.1988	45.5	50	-0.0858880571477583	0.599059046151025	-0.136061549576028
1185660.4.peg.1990	15.5	15	0.0251297379916537	0.0626555818540526	0.0473057147783568
1185660.4.peg.1991	10	11.5	-0.0893024743177099	0.618539360859143	-0.201633861169651
1185660.4.peg.1992	4	6	-0.221766702869907	0.894035166341635	-0.584962500721156
1185660.4.peg.1993	17	20.5	-0.116097044582725	0.733270852680983	-0.270089163367744
1185660.4.peg.1998	30.5	27.5	0.0732240145665429	0.447518430076729	0.149377624038227
1185660.4.peg.1999	36.5	39.5	-0.0527363419388036	0.361248301982943	-0.113956189297086
1185660.4.peg.2001	53.5	56.5	-0.0397588742419608	0.250733888298391	-0.0787119760140407
1185660.4.peg.2002	53	62	-0.101953662683646	0.68097272933814	-0.226275855823676
1185660.4.peg.2003	30.5	45	-0.233189033391036	0.89953982036459	-0.561115758766788
1185660.4.peg.2004	67.5	92	-0.219630902853539	0.892579806926347	-0.446746359006182
1185660.4.peg.2005	50.5	89.5	-0.376853894803753	0.940093772934491	-0.825604294512462
1185660.4.peg.2007	110	171.5	-0.394920572060829	0.944567844609196	-0.640705052648153
1185660.4.peg.2008	161.5	218.5	-0.344639533349165	0.932779749141894	-0.436099114806674
1185660.4.peg.2010	114	98	0.162634179027573	0.789202802946728	0.218180170049533
1185660.4.peg.2015	239	158	0.414275610716679	0.883208008233174	0.597086059803646
1185660.4.peg.2018	6	7.5	-0.146910289610753	0.806260281485397	-0.321928094887362
1185660.4.peg.202	341.5	247	0.461819694088788	0.902264614766523	0.467374536705413
1185660.4.peg.2020	3.5	51	-1.56880617553661	0.998777540875776	-3.86507041991389
1185660.4.peg.2023	3	507	-4.95476265881535	0.999999999999997	-7.40087943628218
1185660.4.peg.2028	88	85	0.0355709572565941	0.131531646387741	0.0500406824995956
1185660.4.peg.2036	226.5	361.5	-0.555645116085497	0.970544287517274	-0.674484596904883
1185660.4.peg.2037	571.5	1004	-1.1543024445547	0.992666135453484	-0.812933865736294
1185660.4.peg.204	8.5	31.5	-0.717733121489892	0.979744015787781	-1.88981708224958
1185660.4.peg.2042	147.5	229	-0.582304319449142	0.971871601752041	-0.63463264384774
1185660.4.peg.2053	148	110.5	0.348653698011744	0.881767382330533	0.421550806237518
1185660.4.peg.2057	68	84.5	-0.154639079816835	0.819350257755108	-0.313416595031845
1185660.4.peg.2080	45.5	46.5	-0.0153695632929018	0.0611587093710783	-0.0313641709093351
1185660.4.peg.2081	111	149.5	-0.361805296976623	0.936665024086531	-0.429585807847999
1185660.4.peg.2085	125.5	159.5	-0.211333587930384	0.886053993686116	-0.345869059814097
1185660.4.peg.2089	97.5	118	-0.163651720565866	0.832894852145374	-0.275312735612231
1185660.4.peg.2098	105	142.5	-0.323627544730101	0.925713361987966	-0.440572591385981
1185660.4.peg.2099	14	49	-1.13223931909344	0.993237367438862	-1.8073549220576
1185660.4.peg.2101	12	32	-0.718809868785603	0.979767898399227	-1.41503749927884
1185660.4.peg.2102	9.5	17.5	-0.472552108585879	0.960576709790726	-0.881355503501381
1185660.4.peg.2103	19	31.5	-0.467164606827223	0.959843304751211	-0.729352410056331
1185660.4.peg.2108	34.5	57.5	-0.524442831983798	0.968565828603375	-0.736965594166206
1185660.4.peg.2120	27	64	-0.833182703897079	0.989612251509006	-1.24511249783653
1185660.4.peg.2121	29	110.5	-1.50853223413152	0.99981741137209	-1.92992156426386
1185660.4.peg.2124	16.5	28.5	-0.483289382413914	0.962307257470617	-0.788495894806288
1185660.4.peg.2135	165.5	186.5	-0.159925182681065	0.827468463287718	-0.17234441344802
1185660.4.peg.2139	27.5	7.5	0.512101093165453	0.915756100694862	1.87446911791614
1185660.4.peg.2140	18.5	14	0.105087530773586	0.637020424323398	0.402098443571346
1185660.4.peg.2141	9.5	9.5	0	0.00340268836392943	0
1185660.4.peg.2152	88.5	89	-0.00692057465777419	0.020649949777428	-0.00812788088340033
1185660.4.peg.2157	736.5	459.5	0.652724466310212	0.91295020810503	0.680620663746815
1185660.4.peg.2162	125.5	143.5	-0.155242438979326	0.820290298125734	-0.193363372724916
1185660.4.peg.2169	85	189.5	-0.73855787508037	0.980691150021096	-1.15666310203339
1185660.4.peg.2203	317	1082	-1.33235754470084	0.997790102200957	-1.77114575368741
1185660.4.peg.2205	2	5.5	-0.432699014905339	0.955889503830463	-1.4594316186373
1185660.4.peg.2206	2.5	4.5	-0.327736776891029	0.92731160363775	-0.84799690655495
1185660.4.peg.2207	1.5	4.5	-0.560346060762056	0.970881752981136	-1.58496250072116
1185660.4.peg.2210	33.5	31.5	0.052992303575094	0.27497124095499	0.088809266957856
1185660.4.peg.2232	1359	2020.5	-0.676213403888507	0.979806791302614	-0.572166895416068
1185660.4.peg.2235	100.5	159	-0.316089407803147	0.922806298529651	-0.661831264105427
1185660.4.peg.224	77	66.5	0.152274311341166	0.770462506211316	0.211504105193712
1185660.4.peg.2243	290	257	0.186990578425751	0.821332707168842	0.174284540821056
1185660.4.peg.2256	234.5	268.5	-0.166049790098146	0.836285850186223	-0.195334165470036
1185660.4.peg.2286	40	178	-0.914081229315853	0.987018818743845	-2.15380533607904
1185660.4.peg.231	40.5	37	0.084227151628339	0.527130680203443	0.130396637255675
1185660.4.peg.2313	215.5	325.5	-0.487745403594819	0.963097206625857	-0.594969674076537
1185660.4.peg.2317	53.5	58.5	-0.0821157736601621	0.576334289874857	-0.128897733182258
1185660.4.peg.2318	102	96.5	0.0585066921055281	0.323391650321643	0.0799683047034151
1185660.4.peg.2328	726	590	0.410766281667266	0.882034544548737	0.299254593746547
1185660.4.peg.2330	524	502.5	0.0884976315632525	0.553967800347117	0.0604432154711593
1185660.4.peg.2331	186.5	604	-2.04191539600529	1	-1.69537291906984
1185660.4.peg.2332	207	478	-1.68372329223095	0.999999999999998	-1.20737985048142
1185660.4.peg.2334	121.5	129.5	-0.083194983786036	0.582912222084672	-0.091995784080773
1185660.4.peg.2336	153.5	140	0.1223933950059	0.697953394793712	0.132811828425213
1185660.4.peg.2337	165	173.5	-0.0681212887148859	0.481328719867074	-0.0724696383324451
1185660.4.peg.2338	188	192	-0.0267981484510001	0.141476325535256	-0.0303736490435189
1185660.4.peg.2339	162	150.5	0.0816711261948707	0.509996389010118	0.106230326124923
1185660.4.peg.2340	112.5	180.5	-0.486275397743027	0.962833323763342	-0.682073835670134
1185660.4.peg.2356	46	61.5	-0.257729870223604	0.901893419302605	-0.418952549282227
1185660.4.peg.2357	68	70	-0.0270440608469586	0.143457098481034	-0.0418201756946271
1185660.4.peg.2361	784	916.5	-0.3699586302211	0.938523377405233	-0.225281226424678
1185660.4.peg.2366	23	12	0.35345424333289	0.882073530587547	0.938599455335857
1185660.4.peg.2385	4	6.5	-0.328877385436499	0.927744349098842	-0.700439718141092
1185660.4.peg.2389	13	15.5	-0.117531831340619	0.737681840816237	-0.253756592245783
1185660.4.peg.2392	17	16	0.0355808549456803	0.131605614146472	0.0874628412503394
1185660.4.peg.2393	632.5	537	0.340174848765879	0.880887486277818	0.23614339159626
1185660.4.peg.2394	148.5	135.5	0.107384320032838	0.646312203761711	0.132170079446894
1185660.4.peg.2398	816	1934.5	-2.81572598183378	1	-1.24531967147172
1185660.4.peg.2405	182	441	-1.11779573460862	0.994804626920962	-1.27684020535882
1185660.4.peg.2406	4589.5	88950	-4.24822561250698	1	-4.27658571162359
1185660.4.peg.2408	378.5	481.5	-0.351710853701439	0.934437909994423	-0.347242497857728
1185660.4.peg.241	13.5	12	0.097554278134609	0.60312872299892	0.169925001442312
1185660.4.peg.2410	275	286	-0.0447504071363556	0.293847379570756	-0.0565835283663674
1185660.4.peg.242	8	10	-0.218524202786079	0.891803983422654	-0.321928094887362
1185660.4.peg.2423	230	337	-0.421213482047452	0.95322884812261	-0.551114730237483
1185660.4.peg.2424	426.5	427	-0.00105533869546128	0.00494596210996889	-0.0016903283022002
1185660.4.peg.2440	5.5	11.5	-0.558378136982055	0.970742527991961	-1.06413033741972
1185660.4.peg.2464	6.5	6.5	0	0.00340268836392943	0
1185660.4.peg.2465	9	10.5	-0.124190198603879	0.756591389252972	-0.222392421336448
1185660.4.peg.2487	398.5	249	0.687312391170472	0.922295352206166	0.678433981922391
1185660.4.peg.2496	69	211	-0.956340379249035	0.989855995943066	-1.61257473192902
1185660.4.peg.2497	122.5	336.5	-1.03961964700555	0.996553552698885	-1.45782475560775
1185660.4.peg.2498	70.5	198.5	-0.898957548148399	0.985505952528094	-1.49344384474416
1185660.4.peg.2499	22	58.5	-0.66635297022648	0.979559731656161	-1.41093310094611
1185660.4.peg.2500	62.5	167.5	-0.882328538491287	0.983369468430839	-1.42223300068305
1185660.4.peg.2501	79	207	-0.876789303910866	0.983283197654859	-1.38970620932222
1185660.4.peg.2502	21.5	64	-0.708173035968503	0.979720368535239	-1.5737352452979
1185660.4.peg.2503	37	79.5	-0.575705666853995	0.9716757550327	-1.10342958965541
1185660.4.peg.2504	79	208	-0.930955146371562	0.987202558028786	-1.39665896996399
1185660.4.peg.2505	129.5	374.5	-1.11996429945943	0.994581879082375	-1.5320136207722
1185660.4.peg.2506	190.5	356	-0.759699313886995	0.982275216426698	-0.902086243473076
1185660.4.peg.2507	318	557	-1.21157026811162	0.997203009443761	-0.808650562055676
1185660.4.peg.2510	104	138.5	-0.236782155025153	0.900492825690573	-0.413302447908096
1185660.4.peg.2511	284.5	315.5	-0.108935929444999	0.708860293441762	-0.149211352675967
1185660.4.peg.2513	2457.5	4817.5	-0.754762496551077	0.981775439125923	-0.97109324995514
1185660.4.peg.2514	5517.5	32175.5	-1.9884862549106	0.999999999998844	-2.54387593815761
1185660.4.peg.2516	160.5	171.5	-0.0811942596502585	0.570502338322046	-0.0956352790505093
1185660.4.peg.2522	3	6.5	-0.52199714638587	0.968350094260404	-1.11547721741994
1185660.4.peg.2526	6.5	19	-0.654891490502086	0.978468072378728	-1.54748779530249
1185660.4.peg.2559	133	133.5	-0.00360031781969873	0.0106214234056928	-0.00541349618636435
1185660.4.peg.256	42.5	166	-1.11806272913286	0.994778513607021	-1.96564849520922
1185660.4.peg.2561	412.5	348.5	0.276722365247393	0.864032715253142	0.243235463264755
1185660.4.peg.2584	54	54.5	-0.0076155109693008	0.0234541309686611	-0.0132968226134577
1185660.4.peg.2585	131.5	113.5	0.185373208998939	0.819912336351337	0.212370502001387
1185660.4.peg.2586	127	122	0.0482897279862807	0.234182286301175	0.0579473492092795
1185660.4.peg.2588	167	132.5	0.254345441756688	0.858974147539758	0.333855743023491
1185660.4.peg.2592	2153	6927	-1.457354072478	0.996610896346864	-1.68588235432804
1185660.4.peg.2593	113.5	151	-0.248140161175192	0.901705618144671	-0.411856252034164
1185660.4.peg.2596	582	851	-0.459376257842395	0.958955379300602	-0.548139978777679
1185660.4.peg.2598	318.5	317.5	0.00465104863487718	1.11022302462516e-16	0.00453678059677229
1185660.4.peg.2599	275.5	339	-0.304887400820843	0.91869390316007	-0.299232954565186
1185660.4.peg.2600	518	479.5	0.118552291258778	0.686014791304662	0.111421282668423
1185660.4.peg.2601	583	1058.5	-0.830028034224812	0.989730839030347	-0.860453480807093
1185660.4.peg.2602	291.5	303.5	-0.0552984182305852	0.382222714254297	-0.0582006330551856
1185660.4.peg.2603	430.5	601	-0.47220116910388	0.960525489387777	-0.481351753314341
1185660.4.peg.2604	306	355.5	-0.199510786909233	0.875217212330856	-0.216317906926763
1185660.4.peg.2605	506	418.5	0.354066854359581	0.882105285424314	0.273909762143966
1185660.4.peg.2606	557.5	475	0.286846033157337	0.863425473145981	0.231044291589357
1185660.4.peg.2607	853	1078.5	-0.435915563344734	0.956427075589011	-0.338408529842164
1185660.4.peg.2608	426	447.5	-0.0725114496066846	0.51270298979022	-0.0710342519257805
1185660.4.peg.2609	623.5	528.5	0.244240530509226	0.850633577716446	0.238486088446987
1185660.4.peg.2610	425	544.5	-0.419258369842348	0.952663950382909	-0.357469207691843
1185660.4.peg.2611	709	1140.5	-1.04126416790794	0.996640833563546	-0.685808914072621
1185660.4.peg.2612	165	209.5	-0.307195967831372	0.919545580091746	-0.344484219453536
1185660.4.peg.2619	259.5	220.5	0.185194493796663	0.819734768798779	0.23495588280036
1185660.4.peg.2623	141.5	111	0.332626804863266	0.879537039006339	0.350242376481776
1185660.4.peg.2625	275.5	200	0.409115667219625	0.881515042938621	0.462052318796433
1185660.4.peg.2627	67.5	105.5	-0.417770214986357	0.952198653266061	-0.644283591656354
1185660.4.peg.2628	42	42	0	0.00340268836392943	0
1185660.4.peg.2630	179.5	160	0.11801568938198	0.684248399146163	0.165911938935689
1185660.4.peg.2631	121.5	101.5	0.169437473757981	0.800042306073437	0.259476586420605
1185660.4.peg.2632	196.5	174.5	0.146944756332779	0.759772248489602	0.171302276048954
1185660.4.peg.2635	72	62.5	0.131169461658071	0.722816656417485	0.204140716780225
1185660.4.peg.2648	221	233	-0.0601612398986481	0.421030680953309	-0.0762835852628487
1185660.4.peg.2659	102.5	155	-0.446450140169313	0.957714905594863	-0.596644305768792
1185660.4.peg.2660	76	78.5	-0.0276963403078778	0.148708052106094	-0.0466932354480415
1185660.4.peg.2666	44.5	34	0.266828279893538	0.864013420535327	0.388270589716058
1185660.4.peg.2668	31.5	29.5	0.0598860340313345	0.335528141819616	0.0946368741380753
1185660.4.peg.2670	233	134	0.673148414437244	0.92266026877659	0.798096954196508
1185660.4.peg.2692	208	165.5	0.310642576387149	0.87097504621935	0.329752311333874
1185660.4.peg.2694	40	32.5	0.160426900619208	0.785430480836646	0.299560281858908
1185660.4.peg.2695	56	66	-0.132775249467944	0.777620460745616	-0.237039197300849
1185660.4.peg.2704	360	230.5	0.620808135522097	0.908655983095771	0.643230155900337
1185660.4.peg.2706	72.5	46	0.503660349541087	0.91366061667486	0.656347133957922
1185660.4.peg.2742	77.5	77.5	0	0.00340268836392943	0
1185660.4.peg.2743	69	43.5	0.464311494113919	0.903851128271159	0.665580960929441
1185660.4.peg.2745	97.5	70.5	0.322884700319746	0.876595989887146	0.467778961350817
1185660.4.peg.2756	84	69	0.221844843966028	0.83399325342698	0.283792966000591
1185660.4.peg.2759	7	8.5	-0.106423049269079	0.699302077429742	-0.280107919192735
1185660.4.peg.2760	6.5	8	-0.110571815314598	0.714825475681492	-0.299560281858908
1185660.4.peg.2761	6	13	-0.357255245356559	0.935655362566693	-1.11547721741994
1185660.4.peg.2762	17.5	9.5	0.269397044642956	0.864257213918499	0.881355503501381
1185660.4.peg.2768	31	39.5	-0.235500581368487	0.900218186836411	-0.349584437790228
1185660.4.peg.2778	107.5	117	-0.0749075925150813	0.529256241499486	-0.122171869993944
1185660.4.peg.2786	841.5	1178	-0.82853536539111	0.989764589401829	-0.485304362500512
1185660.4.peg.2787	94.5	88	0.077676733885069	0.481435808836327	0.102810805583776
1185660.4.peg.2792	103.5	88	0.197084755570729	0.827947243435587	0.234055338862028
1185660.4.peg.2793	111	110.5	0.00568080019437579	0.000328273499847098	0.00651330695867437
1185660.4.peg.2795	54.5	40	0.31155216967853	0.871432071969131	0.446256229889564
1185660.4.peg.2797	34.5	26	0.190839763357428	0.824413810548844	0.408084738637077
1185660.4.peg.2799	26.5	22.5	0.123750690778103	0.702060601250709	0.236067358233525
1185660.4.peg.2801	19	27.5	-0.283110124649144	0.908855830749207	-0.533432200081074
1185660.4.peg.2802	25	36.5	-0.310298593941491	0.920675443031506	-0.545968369105293
1185660.4.peg.2807	26	27	-0.0369450956447548	0.226390153020004	-0.0544477840223765
1185660.4.peg.2814	86.5	78	0.111503853165939	0.661830941290646	0.149226008774476
1185660.4.peg.2826	172	153.5	0.140601508683024	0.746004723462376	0.164169909331919
1185660.4.peg.2831	34.5	40	-0.120380608000949	0.746073185029871	-0.213403638109193
1185660.4.peg.2837	90	65	0.306925715769926	0.86910344697785	0.46948528330122
1185660.4.peg.2843	102.5	80.5	0.204240033980579	0.830235730690046	0.348563221390829
1185660.4.peg.2847	56.5	60.5	-0.0673572338021714	0.475683532815455	-0.0986842748594068
1185660.4.peg.285	45.5	59	-0.215894254008094	0.889819720077632	-0.374848409163145
1185660.4.peg.2853	89	91.5	-0.029739588017126	0.16528650009397	-0.0399664073176447
1185660.4.peg.2856	387.5	718	-1.15477527549282	0.992683965416803	-0.889787533661452
1185660.4.peg.2862	17.5	61	-0.8403253416797	0.989059464895383	-1.80145432061792
1185660.4.peg.2865	3	13	-1.42441257136577	0.998871609031835	-2.11547721741994
1185660.4.peg.2885	17.5	21.5	-0.127604469378981	0.765312172451442	-0.296981737757131
1185660.4.peg.2887	315	223.5	0.535476862501523	0.910827082669386	0.495076997203961
1185660.4.peg.2892	21	18	0.108049313384652	0.648856613600422	0.222392421336448
1185660.4.peg.2895	8.5	8.5	0	0.00340268836392943	0
1185660.4.peg.29	156	121	0.26630473421457	0.86395662055465	0.366538981587654
1185660.4.peg.2916	17.5	50.5	-0.70231637676175	0.97978871535756	-1.52892846580683
1185660.4.peg.2925	28	18.5	0.344431322032711	0.881400384727663	0.597901556428654
1185660.4.peg.2926	24.5	24	0.018161287836477	0.0284164013008902	0.0297473433940519
1185660.4.peg.2927	21	25	-0.104727820291836	0.692592259932445	-0.251538766995964
1185660.4.peg.2928	22.5	22	0.0145993478389685	0.0158283080598866	0.0324214776923774
1185660.4.peg.2929	35.5	30	0.151905788598796	0.769761664288632	0.242856523896164
1185660.4.peg.2932	8	8	0	0.00340268836392943	0
1185660.4.peg.2947	23.5	87.5	-1.12060574301382	0.994512897496405	-1.89662226015469
1185660.4.peg.2949	9	95	-2.08171299316169	1	-3.39993060688864
1185660.4.peg.295	13.5	12.5	0.0696796711462362	0.418967843418898	0.111031312388744
1185660.4.peg.2954	15.5	20.5	-0.183763507116353	0.858826582373825	-0.403355694231208
1185660.4.peg.2968	376	622	-1.2118172718461	0.997211684861221	-0.726181918452965
1185660.4.peg.2969	303	374.5	-0.310287293995083	0.920671329760134	-0.3056479249858
1185660.4.peg.2970	480	331.5	0.489539330224367	0.910547052693169	0.534025535495931
1185660.4.peg.2971	549	421	0.328739669111527	0.878535349536897	0.382985915938802
1185660.4.peg.2972	460.5	437.5	0.0702893483916122	0.423970120730938	0.0739181393716443
1185660.4.peg.2973	219.5	186.5	0.221824684936764	0.833984756337413	0.23504530928012
1185660.4.peg.2976	3514	7278	-1.42690270984086	0.998757312067222	-1.05042785983329
1185660.4.peg.2978	2213.5	6344	-1.60191727235318	0.999970898963435	-1.51906339760611
1185660.4.peg.2979	6548.5	14688	-1.20379259346349	0.996764274663222	-1.16540157811542
1185660.4.peg.2982	603.5	710.5	-0.216330386017562	0.890150407421959	-0.235480878487759
1185660.4.peg.2984	89.5	82.5	0.0833808872971024	0.521525129445937	0.117493563018441
1185660.4.peg.2992	40	42	-0.0319619750767807	0.183792919344914	-0.070389327891398
1185660.4.peg.302	4	8	-0.398052027885482	0.945521886344157	-1
1185660.4.peg.3027	425	236	0.966993699982657	0.921792765167205	0.848675981663223
1185660.4.peg.3035	62	88	-0.363857480799897	0.937128122896855	-0.505235308250422
1185660.4.peg.3039	14	308	-2.3780394404286	1	-4.4594316186373
1185660.4.peg.306	21	17.5	0.143746904380278	0.75298768741006	0.263034405833794
1185660.4.peg.3063	29.5	32	-0.0629679208479278	0.442748075837792	-0.117356950638159
1185660.4.peg.307	6.5	9.5	-0.220487813467637	0.893170847757969	-0.547487795302493
1185660.4.peg.3070	203.5	156	0.325923576010216	0.877673730082344	0.383482765403999
1185660.4.peg.3096	167	201.5	-0.24454937585706	0.901549569859018	-0.270931736053915
1185660.4.peg.31	70	66.5	0.0387827724503495	0.155967952779606	0.0740005814437768
1185660.4.peg.3107	16	42	-0.698176700783151	0.979834109734401	-1.39231742277876
1185660.4.peg.3113	5.5	65.5	-1.52049421933032	0.999480904344383	-3.57399138290015
1185660.4.peg.3116	594.5	855.5	-0.755524262374746	0.981844850784655	-0.525091044743757
1185660.4.peg.3117	246	184	0.380252256894287	0.881336896323729	0.418952549282227
1185660.4.peg.3119	113	94	0.216283156769137	0.832364120663176	0.26559011073755
1185660.4.peg.3122	95	87.5	0.0964196809799381	0.597611425365642	0.118644496498619
1185660.4.peg.3128	103.5	98	0.0609461127542977	0.344741064318341	0.0787771133841169
1185660.4.peg.3138	35	27	0.196576920316835	0.827738176161914	0.374395514781498
1185660.4.peg.3151	142	158	-0.102175624950293	0.681907266744515	-0.154033628672421
1185660.4.peg.3164	94.5	76.5	0.248516449266965	0.854469879392423	0.304854581528421
1185660.4.peg.3168	67.5	57	0.150073397159913	0.766129929502936	0.243925582886089
1185660.4.peg.3171	119	101.5	0.177933825015775	0.811727722315781	0.229481846122767
1185660.4.peg.3174	20	27	-0.194704326752409	0.870491481360584	-0.432959407276106
1185660.4.peg.3178	71	181	-0.965731060515883	0.991628935550735	-1.35009876757852
1185660.4.peg.3179	283	204	0.510571773942779	0.915458824072572	0.472232900860387
1185660.4.peg.3193	193.5	204.5	-0.0475536871633043	0.317804022975729	-0.0797672767973386
1185660.4.peg.32	130.5	76	0.643205465582554	0.909396323707473	0.779978483126299
1185660.4.peg.3200	310	449.5	-0.615865870691686	0.974304978028595	-0.53605290024021
1185660.4.peg.3201	72.5	89.5	-0.199673206105836	0.875371938085024	-0.303906687249322
1185660.4.peg.3213	151.5	113.5	0.377972907646454	0.881659187308281	0.416625496182036
1185660.4.peg.3216	1677	1610	0.120491443468276	0.692112340865188	0.058822000562367
1185660.4.peg.3217	6021	16252.5	-1.16077013493121	0.992988896514462	-1.43258663161842
1185660.4.peg.3218	178.5	169.5	0.0616266819667396	0.350665224608377	0.0746388008927559
1185660.4.peg.3221	100.5	88	0.143937163815158	0.75339266175191	0.191620072541631
1185660.4.peg.3224	245.5	287	-0.165229232707732	0.835131534692245	-0.225327712360995
1185660.4.peg.3239	119	135	-0.119690677303847	0.744080292675354	-0.181997833742887
1185660.4.peg.3241	81.5	90.5	-0.103246746608155	0.686417837477231	-0.151117732852128
1185660.4.peg.3245	66	45	0.363021400392336	0.882414111273974	0.552541023028779
1185660.4.peg.3247	68	86	-0.197241122207422	0.873007184234569	-0.338801913451759
1185660.4.peg.325	45	36.5	0.17229350334603	0.804219293024898	0.302028537449658
1185660.4.peg.3251	8	10.5	-0.186431582939285	0.861818296475302	-0.39231742277876
1185660.4.peg.3257	80	69.5	0.143345785946349	0.752113588910577	0.202987022163855
1185660.4.peg.3265	395.5	584	-0.657583957656917	0.978815415108447	-0.562290674407225
1185660.4.peg.3266	82.5	83	-0.00620464878084064	0.0183930773622751	-0.00871721710110892
1185660.4.peg.3270	756	1039	-0.563885448828584	0.971119648736142	-0.458737514683139
1185660.4.peg.3276	18	25	-0.229491809078939	0.898178003717875	-0.473931188332412
1185660.4.peg.3279	74	63	0.163700866012423	0.790976125277151	0.232173442129033
1185660.4.peg.3280	80.5	106.5	-0.252250153626768	0.901777077338526	-0.403792742111221
1185660.4.peg.3281	51	70.5	-0.334868967704947	0.929903044590512	-0.467126010427298
1185660.4.peg.3282	49	193	-1.59927505481223	0.999955313238719	-1.97774719315287
1185660.4.peg.3284	122.5	172.5	-0.376494545821153	0.940012326246101	-0.493814612662961
1185660.4.peg.3285	76.5	66.5	0.137753681259337	0.739358137929144	0.202105407191462
1185660.4.peg.3286	33	32	0.025436150782073	0.0643956167641199	0.0443941193584534
1185660.4.peg.3294	44	39.5	0.0843649121651424	0.528044643760748	0.155650870460194
1185660.4.peg.3295	71	69	0.0285281763590665	0.0829946280956516	0.0412226627265129
1185660.4.peg.3296	26.5	27.5	-0.0274312510763665	0.146574570595375	-0.0534392589614604
1185660.4.peg.3300	108	116.5	-0.0777710742821571	0.548440718127951	-0.109298642490812
1185660.4.peg.3301	32	77	-0.644710482264135	0.976897480739563	-1.2667865406949
1185660.4.peg.3316	20.5	123	-1.10582459927085	0.995637378855333	-2.58496250072116
1185660.4.peg.3321	8	9	-0.0608429382973965	0.426319916268409	-0.169925001442312
1185660.4.peg.3324	321.5	288	0.139296684549127	0.742962105237436	0.158749925885635
1185660.4.peg.3339	512	576.5	-0.221686012392716	0.893985827434132	-0.171176797651772
1185660.4.peg.334	31	23	0.24461308054299	0.85097389656313	0.430634354329862
1185660.4.peg.3346	25	26	-0.0360261059050648	0.218475361523575	-0.0565835283663674
1185660.4.peg.3347	57.5	36.5	0.494167441255035	0.911276666148737	0.655665492064358
1185660.4.peg.3352	27	20.5	0.241217183547774	0.847802080252201	0.397335497545385
1185660.4.peg.3353	31.5	23.5	0.269939637892168	0.864271577195899	0.422691071822279
1185660.4.peg.3354	9.5	6	0.339546129883744	0.880800001864458	0.662965012722429
1185660.4.peg.3355	20	13	0.334234672576774	0.879876642032761	0.62148837674627
1185660.4.peg.3356	50	56.5	-0.113559650871903	0.72506226344263	-0.176322772640463
1185660.4.peg.3364	26.5	40.5	-0.321905892119622	0.92504007154782	-0.611929548321426
1185660.4.peg.3367	3100.5	5154	-1.0262335289112	0.995592045302146	-0.733191647713016
1185660.4.peg.3369	192	150	0.30535806097023	0.868336136428031	0.356143810225275
1185660.4.peg.337	260	18	1.28460604118414	0.995824267999223	3.85244281158614
1185660.4.peg.3371	77.5	87	-0.109297294618003	0.710207062124521	-0.166819090574491
1185660.4.peg.3372	124	109.5	0.150602999046994	0.767176664379804	0.179409250785702
1185660.4.peg.3376	781.5	954	-0.664078992105722	0.979428362381864	-0.287743393005847
1185660.4.peg.3381	68.5	49	0.272127953509393	0.86430397252694	0.483322238845319
1185660.4.peg.339	204	28.5	1.18536403082894	0.91842425346153	2.83953532780675
1185660.4.peg.3392	4.5	5.5	-0.152985455006984	0.816655976382357	-0.289506617194985
1185660.4.peg.3404	46.5	45	0.0314094009593236	0.101914358417814	0.0473057147783568
1185660.4.peg.3416	518.5	942.5	-0.951802679904391	0.989045446559433	-0.862148629342801
1185660.4.peg.3417	573	1204	-1.20113521176996	0.996553076325746	-1.0712283480028
1185660.4.peg.3418	711.5	819	-0.230369195110085	0.898534830862468	-0.202999695114526
1185660.4.peg.3419	235	171	0.333717096266781	0.87977293927812	0.458664431679102
1185660.4.peg.3420	209.5	319.5	-0.653612124733118	0.978290587500934	-0.608865687247643
1185660.4.peg.3421	302	327	-0.119406535457231	0.743259784528772	-0.114742086173004
1185660.4.peg.3422	471.5	464	0.0295910212251726	0.0897353972487496	0.0231329655475243
1185660.4.peg.3428	65.5	75	-0.0956179067096104	0.651657365373594	-0.195395688958431
1185660.4.peg.3442	9.5	11.5	-0.1097760001443	0.711991434021884	-0.275634442613427
1185660.4.peg.3465	142	112	0.252937408093312	0.857994408997211	0.342392197447078
1185660.4.peg.3472	223.5	154	0.532651180910046	0.912304060508608	0.537344480488416
1185660.4.peg.3475	117.5	83.5	0.368325118487901	0.882395140621628	0.492812654090948
1185660.4.peg.3482	130.5	96	0.37823935095929	0.881621806862262	0.442943495848728
1185660.4.peg.3500	36	34.5	0.0336821488267889	0.117817365130697	0.0614005446641433
1185660.4.peg.354	4	9.5	-0.566290613003046	0.97126450777825	-1.24792751344359
1185660.4.peg.3578	43	28.5	0.321022244833332	0.875861524245767	0.593374740537356
1185660.4.peg.3581	594.5	571	0.0587210103237625	0.325274273381583	0.0581860643828129
1185660.4.peg.3583	156.5	103.5	0.46825986945907	0.90598688735792	0.596531889433293
1185660.4.peg.3586	129.5	40	0.784826089313957	0.915124568701211	1.69488019279919
1185660.4.peg.3594	75.5	65.5	0.134752499684511	0.73203807123363	0.204981737787629
1185660.4.peg.3595	512	576.5	-0.221686012392716	0.893985827434132	-0.171176797651772
1185660.4.peg.3601	202.5	216	-0.074930640933793	0.52941268463512	-0.0931094043914815
1185660.4.peg.3611	140.5	176.5	-0.26538762526351	0.902659179945928	-0.329098053050254
1185660.4.peg.3628	1188	1705	-0.563382624408161	0.971086577788303	-0.521236903110769
1185660.4.peg.3634	285	322.5	-0.189977444786266	0.86564088377832	-0.178337241258512
1185660.4.peg.3638	70.5	67.5	0.0413016392830191	0.175937576180417	0.0627357553479627
1185660.4.peg.3639	56	120.5	-0.73775702966115	0.980644747223228	-1.10553441417236
1185660.4.peg.3662	110	75.5	0.4389762401683	0.889472964212312	0.542954974199581
1185660.4.peg.3663	116	149.5	-0.255895104731508	0.901841469087156	-0.366020679070533
1185660.4.peg.3665	2297	8048	-1.88534957051337	0.997740504604622	-1.8088794484276
1185660.4.peg.3669	92	66	0.31527857178704	0.873282555794544	0.47916783669856
1185660.4.peg.3677	92.5	117	-0.222563063203514	0.894522624934595	-0.338983259067092
1185660.4.peg.3680	115	89.5	0.254629401454228	0.859172720695158	0.361674273680119
1185660.4.peg.3682	296	156	0.80444467718077	0.909939427247069	0.924051146766701
1185660.4.peg.3688	180	61.5	0.729886912646824	0.91312899320759	1.54933859099043
1185660.4.peg.3692	32	45	-0.32024509403337	0.924394503119066	-0.491853096329675
1185660.4.peg.3699	99	56	0.528916455904247	0.913996289050419	0.822001698022006
1185660.4.peg.3703	82	229.5	-0.918307005711363	0.987146763045821	-1.48479833879572
1185660.4.peg.3717	80.5	69.5	0.140215236850984	0.74510230608413	0.211975805391109
1185660.4.peg.3719	191	162	0.14765361200701	0.761227442422728	0.237578825151124
1185660.4.peg.3721	314	637.5	-0.985583476911948	0.994270054560311	-1.02166078285459
1185660.4.peg.3722	706.5	745.5	-0.0763177763733602	0.538825866878161	-0.077518791949503
1185660.4.peg.3723	269.5	308.5	-0.152682902223641	0.816163617641521	-0.194985216396912
1185660.4.peg.3724	474.5	585.5	-0.314574034227675	0.92224229123525	-0.303261083480106
1185660.4.peg.3725	317	447	-0.417168635026496	0.952011192659417	-0.49579199104391
1185660.4.peg.3732	433	322.5	0.550311082377911	0.903205760082633	0.425067864416108
1185660.4.peg.3734	377.5	316.5	0.3874355150708	0.880175853329711	0.2542711447841
1185660.4.peg.3735	647	1122	-1.17533163508877	0.994009771260875	-0.794235058616285
1185660.4.peg.3742	176	226.5	-0.293495512332485	0.91394950921515	-0.363935621408938
1185660.4.peg.3743	42	47.5	-0.0712599716235497	0.503929235367605	-0.177538185552188
1185660.4.peg.375	26	32.5	-0.18513499318074	0.860390494764373	-0.321928094887362
1185660.4.peg.3753	19	29	-0.337614517716698	0.930798231625574	-0.610053481683987
1185660.4.peg.3755	45.5	58	-0.19780053748195	0.873552828544518	-0.350186354928876
1185660.4.peg.3765	249	158.5	0.527038865871814	0.914690962702939	0.651662901928674
1185660.4.peg.3766	370	193	0.728588871847335	0.912076853178049	0.938924423248232
1185660.4.peg.3769	189	47.5	0.763570223684248	0.929218168145304	1.99238681589012
1185660.4.peg.3772	92.5	92	0.00537812007346546	0.000231715287280054	0.00781950445929913
1185660.4.peg.3780	78.5	69.5	0.124692667133141	0.704819174368822	0.17567967616812
1185660.4.peg.3784	61.5	55.5	0.0736366634318225	0.450811746279443	0.148098638989134
1185660.4.peg.3788	111	79.5	0.327801493455299	0.878271580279231	0.481532911065751
1185660.4.peg.3789	101	146.5	-0.388544942090436	0.942828304743643	-0.536545371670453
1185660.4.peg.3792	251.5	201	0.312116661461123	0.871716282575431	0.323362898626599
1185660.4.peg.3803	25.5	46.5	-0.37758963092703	0.94026079729835	-0.866733469136536
1185660.4.peg.3804	53.5	82.5	-0.35287388078486	0.934696161976955	-0.624855227844669
1185660.4.peg.3842	14	62	-1.09527102968041	0.995797073222417	-2.14684138832927
1185660.4.peg.3858	136.5	97	0.428513330036697	0.88716664608078	0.492844298732725
1185660.4.peg.3862	8.5	17.5	-0.561275851120209	0.97094743061338	-1.04182017569463
1185660.4.peg.3879	74	118.5	-0.468803107225774	0.960056706512068	-0.679289883269309
1185660.4.peg.3883	60	106	-0.490853770451203	0.963659563410577	-0.821029858954681
1185660.4.peg.3888	104.5	74.5	0.308541350554071	0.869906957205737	0.488190611618721
1185660.4.peg.392	20.5	35.5	-0.367820994379276	0.938033120111835	-0.792195114886598
1185660.4.peg.3922	74	46.5	0.304308900311571	0.867848604847867	0.670294554520918
1185660.4.peg.393	20.5	285.5	-2.17081456570239	1	-3.79979493074476
1185660.4.peg.3934	2.5	5	-0.307640478391788	0.919709605548427	-1
1185660.4.peg.396	6	93	-2.28967066279357	1	-3.95419631038688
1185660.4.peg.3977	212	187.5	0.201628210089365	0.829585142917264	0.177173669179956
1185660.4.peg.3978	54.5	58.5	-0.0711825869216836	0.50338657875882	-0.102180394806478
1185660.4.peg.3987	10827.5	64352	-2.77157843975294	1	-2.57128481435042
1185660.4.peg.3988	4945	23415.5	-2.39410686491766	1	-2.24342141868003
1185660.4.peg.3996	100.5	111	-0.0969548410598322	0.658133073686071	-0.143364175171177
1185660.4.peg.401	10.5	19.5	-0.465752133012274	0.959668394502913	-0.893084796083488
1185660.4.peg.4025	46	76.5	-0.429030760079415	0.955170728529337	-0.733825886635639
1185660.4.peg.403	4	11.5	-0.702503542524719	0.979786389589667	-1.52356195605701
1185660.4.peg.4036	64.5	117.5	-0.503147794783012	0.965841149409229	-0.865289691141746
1185660.4.peg.4039	10.5	25	-0.635640881055039	0.975685069032716	-1.25153876699596
1185660.4.peg.4046	111	118	-0.0582908071939245	0.406249521622381	-0.0882271830117352
1185660.4.peg.4047	208	267.5	-0.322416479488779	0.925239370730052	-0.362955363147417
1185660.4.peg.4053	17	16	0.0355808549456803	0.131605614146472	0.0874628412503394
1185660.4.peg.4059	122	117.5	0.0316995036553539	0.103862219890723	0.0542203909978865
1185660.4.peg.4064	14.5	16.5	-0.0858964738477518	0.599108159431565	-0.186413124230881
1185660.4.peg.4073	7	14	-0.433797971772241	0.956082785118563	-1
1185660.4.peg.4083	7	11.5	-0.331042494187326	0.928553387680542	-0.716207033999409
1185660.4.peg.4088	48	117	-0.898537213053652	0.985443839901772	-1.28540221886225
1185660.4.peg.409	7.5	8.5	-0.0885711181395505	0.614481039854743	-0.180572245641821
1185660.4.peg.4092	13	18	-0.216995037553774	0.890650484852049	-0.46948528330122
1185660.4.peg.4095	2	5.5	-0.644127043646599	0.976808247839337	-1.4594316186373
1185660.4.peg.4102	112.5	129.5	-0.125155093128144	0.759084643935564	-0.203027096469517
1185660.4.peg.4105	153	98	0.506600118282132	0.914482651696352	0.642677998577444
1185660.4.peg.4114	69.5	60.5	0.124900772922624	0.705419830649461	0.200077835448913
1185660.4.peg.412	122.5	210.5	-0.62669346251192	0.974957338248435	-0.781038484063825
1185660.4.peg.4127	6	6.5	-0.0679526883619131	0.480083204439948	-0.115477217419936
1185660.4.peg.4131	104.5	74.5	0.308541350554071	0.869906957205737	0.488190611618721
1185660.4.peg.414	139	213.5	-0.457560773876498	0.958772349661146	-0.619151186896983
1185660.4.peg.415	108	181.5	-0.468869981132347	0.960065441314645	-0.748938235832282
1185660.4.peg.4161	270.5	292.5	-0.0713291495573565	0.50441432912635	-0.112808030643952
1185660.4.peg.4173	20.5	29	-0.319268873325497	0.924016605486542	-0.500428990509489
1185660.4.peg.419	81	100.5	-0.180585025178113	0.855120693903212	-0.311201688294304
1185660.4.peg.4204	74.5	95	-0.249638256161525	0.901743645946407	-0.350687087868786
1185660.4.peg.4208	192	150.5	0.219496391603181	0.833209848886474	0.351342823961454
1185660.4.peg.4230	33	42.5	-0.240585389848992	0.901166284091925	-0.364996816779248
1185660.4.peg.4233	88.5	103	-0.165765807847822	0.835893522842636	-0.218894977100221
1185660.4.peg.4235	184	211	-0.190292046531192	0.865975174812397	-0.197537232650172
1185660.4.peg.424	3047	3075	-0.0232787591963527	0.114378746132031	-0.013196910427479
1185660.4.peg.4241	615	703	-0.171769093110601	0.844047207471205	-0.192938278845933
1185660.4.peg.4242	574.5	596	-0.056138595032021	0.389023895710163	-0.0530054378160483
1185660.4.peg.4250	32.5	84.5	-0.766692721647643	0.983226523685982	-1.37851162325373
1185660.4.peg.4257	182	97.5	0.645439877698827	0.909996704382006	0.900464326449086
1185660.4.peg.426	518	574.5	-0.177037386338152	0.850815075097122	-0.149354794959559
1185660.4.peg.4309	47.5	40	0.126859642155454	0.711091985464841	0.247927513443585
1185660.4.peg.4324	162	146	0.0962970384289347	0.597016333600736	0.150025444004607
1185660.4.peg.4342	139	155.5	-0.126502828707166	0.762570095520685	-0.161829697407095
1185660.4.peg.4372	NA	NA	NA	NA	NA
1185660.4.peg.4396	NA	NA	NA	NA	NA
1185660.4.peg.4403	293.5	310	-0.0813646186681155	0.571580565028656	-0.0789077121641854
1185660.4.peg.4413	13.5	16.5	-0.147384812973936	0.807101339686298	-0.289506617194985
1185660.4.peg.4422	17	298.5	-2.21833392627922	1	-4.13412428001447
1185660.4.peg.444	122	117.5	0.0316995036553539	0.103862219890723	0.0542203909978865
1185660.4.peg.4445	148.5	164	-0.0910162290681934	0.627926273633238	-0.143232883817318
1185660.4.peg.449	79.5	89	-0.0914241056400506	0.630084175507998	-0.162850475682042
1185660.4.peg.450	88	71.5	0.181526305128869	0.815922460267755	0.299560281858908
1185660.4.peg.4515	33.5	321	-1.72026237958784	1	-3.26034029666453
1185660.4.peg.452	156.5	154	0.0168028844280796	0.0233589859369598	0.0232323062377169
1185660.4.peg.4522	2.5	11	-0.815654708411583	0.989524025841813	-2.13750352374994
1185660.4.peg.4523	5.5	8.5	-0.310359183467926	0.920697500558059	-0.628031222613042
1185660.4.peg.4534	69	48	0.375047226949055	0.88199497784842	0.523561956057013
1185660.4.peg.4539	2654.5	3632.5	-0.532142911873356	0.969112596620488	-0.452522656396472
1185660.4.peg.454	62	81	-0.216041244534103	0.889933103538048	-0.38565369249775
1185660.4.peg.4540	284	281.5	0.00777370820465503	0.00171036357236753	0.0127560074244525
1185660.4.peg.4542	3398.5	6447.5	-0.922800296046565	0.987180060326988	-0.92384174519978
1185660.4.peg.4543	38.5	43.5	-0.11171837420704	0.718809974509594	-0.176156955153827
1185660.4.peg.4549	99	160.5	-0.603915842616426	0.973289328098321	-0.697072867042694
1185660.4.peg.455	121	171.5	-0.408214531699116	0.948971056103392	-0.503201528898218
1185660.4.peg.4551	58	77.5	-0.271991978276213	0.904235637964656	-0.418143410146665
1185660.4.peg.4558	15.5	40	-0.922267150301842	0.987179185398132	-1.36773178450049
1185660.4.peg.4561	96	60.5	0.472830495479413	0.907873696368386	0.666099263446562
1185660.4.peg.4566	147.5	132.5	0.116890954135635	0.680521967781046	0.154722594798642
1185660.4.peg.4569	67	53.5	0.198969577750281	0.82872785576667	0.324622204056625
1185660.4.peg.457	1898	2309	-0.271844329078961	0.904185784911155	-0.282788180753006
1185660.4.peg.4572	2271.5	2438.5	-0.129959996829849	0.771060953977432	-0.102348666979125
1185660.4.peg.4573	1524	1840.5	-0.354858012458835	0.935130428721547	-0.272234846890739
1185660.4.peg.459	227.5	146.5	0.506874194353581	0.914555646845127	0.634965880663811
1185660.4.peg.460	2155.5	3662	-0.691469424476378	0.979862104513304	-0.764609228618845
1185660.4.peg.461	2078	3354	-0.68234081659633	0.979837905256269	-0.690687034660134
1185660.4.peg.487	29.5	30	-0.012037763603249	0.0430783849606399	-0.0242475462466773
1185660.4.peg.493	68	54	0.186017804765963	0.820477090195219	0.332575339086871
1185660.4.peg.495	102.5	77.5	0.310354627466413	0.870827773760095	0.403355694231208
1185660.4.peg.496	20	24	-0.110071732593047	0.713088225723123	-0.263034405833794
1185660.4.peg.502	4	7.5	-0.412095101391539	0.950324499575386	-0.906890595608519
1185660.4.peg.503	18.5	21.5	-0.11083518693463	0.715740562212526	-0.216811389073148
1185660.4.peg.511	295.5	328.5	-0.146686013326591	0.805862931447959	-0.152735240144797
1185660.4.peg.513	532	732	-0.549893668757762	0.970139909237424	-0.460417402782853
1185660.4.peg.524	37	42	-0.0893241296471988	0.618659525882662	-0.182864057149811
1185660.4.peg.528	6	26.5	-0.744625382170216	0.981048411137004	-2.14295795384204
1185660.4.peg.542	59.5	51.5	0.142194538569002	0.749551144490609	0.208317236124725
1185660.4.peg.543	75.5	114.5	-0.365653279137988	0.937537106663528	-0.600799048771865
1185660.4.peg.544	68	66.5	0.0243893278944187	0.0584559697613839	0.0321804057491497
1185660.4.peg.547	20.5	27.5	-0.18859088358972	0.86416996832851	-0.423807708906576
1185660.4.peg.548	16.5	19.5	-0.130428055444081	0.772159098871094	-0.241008099503795
1185660.4.peg.580	24	30	-0.121917379923755	0.750402304702619	-0.321928094887362
1185660.4.peg.596	7	16	-0.524391427360617	0.96856141152248	-1.1926450779424
1185660.4.peg.604	53.5	52	0.0285604543450118	0.0831948200458246	0.0410272682600546
1185660.4.peg.609	55.5	73	-0.219159901470293	0.892255455636142	-0.395408692529911
1185660.4.peg.633	7.5	10	-0.230914732081461	0.898736545873082	-0.415037499278844
1185660.4.peg.638	8.5	64	-1.7752005645609	0.999999999194447	-2.91253715874966
1185660.4.peg.639	9	92.5	-1.59306875855172	0.999889315757039	-3.361456459074
1185660.4.peg.640	17	67.5	-0.86066866187705	0.98544153778602	-1.98935275580049
1185660.4.peg.655	158.5	93.5	0.596537823853345	0.907271644175687	0.76144457025177
1185660.4.peg.659	306	337.5	-0.155610047303868	0.820863408467455	-0.141355849245542
1185660.4.peg.664	188.5	213	-0.147472913889266	0.80725754386032	-0.176288906957174
1185660.4.peg.668	245.5	231	0.0970302673951594	0.600577888865429	0.0878301728986356
1185660.4.peg.673	4	7.5	-0.444260437547118	0.957490558326788	-0.906890595608519
1185660.4.peg.676	3	7	-0.452413589164055	0.958283165899456	-1.22239242133645
1185660.4.peg.677	7	8.5	-0.170826695666596	0.842796753298783	-0.280107919192735
1185660.4.peg.7	79.5	50.5	0.38196783050086	0.881066258981089	0.654671472532561
1185660.4.peg.705	314	201	0.58661044947582	0.90534026365039	0.643569057712698
1185660.4.peg.706	116	92.5	0.284973512864601	0.863432947954454	0.32659953461126
1185660.4.peg.709	15.5	15	0.0195333875243733	0.034427567642895	0.0473057147783568
1185660.4.peg.710	13	17.5	-0.195481781792309	0.871268076113155	-0.428843298803874
1185660.4.peg.711	17	19.5	-0.0853552990692889	0.595950215106354	-0.197939377611909
1185660.4.peg.715	143.5	281	-0.721593405037413	0.979841996010234	-0.969519393545238
1185660.4.peg.721	92.5	106.5	-0.138296520469173	0.789609872766821	-0.203328159709526
1185660.4.peg.722	27	27.5	-0.0158645989658495	0.0642329300260197	-0.0264722113611911
1185660.4.peg.727	15	14.5	0.0225984186780822	0.0489851430599231	0.0489096004809465
1185660.4.peg.746	61.5	58.5	0.049957266743432	0.248550164726704	0.0721497857558354
1185660.4.peg.747	51	52	-0.0195123581760022	0.0876412698423713	-0.0280143761695966
1185660.4.peg.749	18	36.5	-0.536801246207182	0.969377872732284	-1.0198995574377
1185660.4.peg.751	5.5	30.5	-1.2146832185449	0.997299845640669	-2.47130571892559
1185660.4.peg.752	4	32	-1.36240039679207	0.997959914992881	-3
1185660.4.peg.753	9	23	-0.762524858379736	0.98262667305067	-1.3536369546147
1185660.4.peg.760	207.5	187	0.130262792093215	0.720415424902606	0.15007306634665
1185660.4.peg.767	77.5	97	-0.169452352992189	0.840951059023887	-0.32378843691289
1185660.4.peg.769	61.5	84	-0.231230634357378	0.898853479443849	-0.44980291743952
1185660.4.peg.772	352.5	405.5	-0.189898257021629	0.865556772141263	-0.202078656931117
1185660.4.peg.774	92	158.5	-0.499653862725608	0.96524203995078	-0.784777074082394
1185660.4.peg.777	320.5	457.5	-0.370462383701671	0.938638599857742	-0.513447386552664
1185660.4.peg.779	236.5	348	-0.376984307139047	0.940123354057539	-0.557247122509333
1185660.4.peg.78	15.5	13	0.149782813395549	0.765556608457746	0.253756592245783
1185660.4.peg.781	41.5	100	-0.554759310411621	0.970480213217592	-1.2688167584278
1185660.4.peg.785	10.5	22	-0.504910944448005	0.966129572116093	-1.06711419585854
1185660.4.peg.786	7	16.5	-0.54650253112223	0.969922523160808	-1.23703919730085
1185660.4.peg.787	8.5	16.5	-0.354315452004746	0.935011407233116	-0.956931278108114
1185660.4.peg.798	31	37	-0.137737508020913	0.788451944367828	-0.255257055242075
1185660.4.peg.799	33	34.5	-0.0256010357263829	0.132131837130579	-0.0641303374197156
1185660.4.peg.800	44.5	45.5	-0.0136450462697996	0.0516038235326616	-0.0320612092322986
1185660.4.peg.817	117.5	133	-0.121881387882329	0.750303858463738	-0.17876548893619
1185660.4.peg.819	91	121.5	-0.269004515794838	0.903397611323389	-0.417017863407085
1185660.4.peg.821	125.5	118	0.0592552783892125	0.329972391063517	0.0889005045889308
1185660.4.peg.826	192	282	-0.609381834048563	0.973795809508252	-0.554588851677637
1185660.4.peg.833	178	88	0.488423994241147	0.910411577590405	1.0163018123291
1185660.4.peg.84	820.5	1600	-1.09172007682414	0.99578250285132	-0.963496666261012
1185660.4.peg.847	883	1539.5	-1.0828182489032	0.995745660707703	-0.801976524396351
1185660.4.peg.85	15162.5	66993	-3.19229912019139	1	-2.14350271301753
1185660.4.peg.859	819.5	608.5	0.553858856732454	0.902077321761327	0.429486686385731
1185660.4.peg.865	287	342.5	-0.280501239123569	0.907611315998504	-0.255053251172201
1185660.4.peg.866	166	194	-0.190027043223034	0.865693572800886	-0.224873410840203
1185660.4.peg.87	244	272	-0.111073607168265	0.716569046168022	-0.156725503687453
1185660.4.peg.873	10.5	11	-0.0351546588968202	0.210962540367559	-0.0671141958585369
1185660.4.peg.874	4.5	5	-0.0714014517780668	0.504921317811701	-0.15200309344505
1185660.4.peg.875	8.5	7.5	0.105045135661689	0.636849326785702	0.180572245641821
1185660.4.peg.876	6	9.5	-0.302933366489122	0.917952290357087	-0.662965012722429
1185660.4.peg.88	618.5	649	-0.078475243038801	0.553068689270438	-0.0694448830227688
1185660.4.peg.885	128	213	-0.627313385144515	0.97499606987363	-0.734709620225838
1185660.4.peg.890	126	162	-0.239465741932267	0.900994181565279	-0.362570079384708
1185660.4.peg.892	88.5	94.5	-0.0659467075944709	0.465256385310451	-0.0946368741380752
1185660.4.peg.9	31	21.5	0.286447156731041	0.86341879857162	0.527931555684777
1185660.4.peg.90	331	269	0.311783968599994	0.871548645898394	0.299225044250594
1185660.4.peg.901	116.5	65.5	0.526136759928958	0.91499230403034	0.83076314311683
1185660.4.peg.902	113	81.5	0.372293080526119	0.882220405711268	0.47145080818411
1185660.4.peg.903	14	18	-0.191569240589289	0.867305147686781	-0.362570079384708
1185660.4.peg.905	8.5	10	-0.131579995770201	0.774863596744693	-0.234465253637023
1185660.4.peg.907	17	19.5	-0.0853552990692889	0.595950215106354	-0.197939377611909
1185660.4.peg.910	5.5	7.5	-0.184685882347644	0.859877935784645	-0.447458976971221
1185660.4.peg.912	46.5	47.5	-0.0188430295115696	0.083119402159487	-0.0306967972229164
1185660.4.peg.916	29	41.5	-0.274175405180682	0.904975367638212	-0.517058436219353
1185660.4.peg.917	83.5	190.5	-0.804669934598071	0.988769262624816	-1.18994289501927
1185660.4.peg.930	229.5	143.5	0.384900983047007	0.880584060575249	0.67744341673812
1185660.4.peg.933	299.5	280.5	0.108009720387922	0.648704950465652	0.0945552321799927
1185660.4.peg.941	79	96.5	-0.248473864705927	0.901714929271088	-0.288676289090977
1185660.4.peg.945	226.5	222	0.0211325841135978	0.0415863262966309	0.028951373696129
1185660.4.peg.950	12.75	156	-1.23772152268565	0.99692622310989	-3.61297687689075
1185660.4.peg.953	151.5	198.5	-0.409312398175132	0.949355491319756	-0.389821213670007
1185660.4.peg.959	235	285	-0.215713629666389	0.889673722085839	-0.278301162487104
1185660.4.peg.966	98.5	162	-0.618028680269768	0.974448175916292	-0.717798183428248
1185660.4.peg.974	137	73	0.683697672400826	0.923124710940867	0.908207524080509
1185660.4.peg.977	276.5	283.5	-0.0256458487271791	0.132477131044044	-0.0360692547075218
1185660.4.peg.978	325.5	364	-0.115788475440874	0.732322671546888	-0.161280907033061
1185660.4.peg.987	1238.5	1893.5	-0.66274269002244	0.979328904466971	-0.612461552638056
1185660.4.peg.988	3282.5	5508.5	-0.835018610066548	0.989511761288156	-0.746864506012944
1185660.4.peg.989	5655.5	12502.5	-1.54269908343572	0.998055494305424	-1.14449012211342
1185660.4.peg.99	42.5	28.5	0.321734286741095	0.876159671018689	0.57650092197296
1185660.4.peg.990	1012	1236.5	-0.305170166658663	0.918800891007707	-0.289052949695628
1185660.4.peg.991	1078	1128.5	-0.0837017967452587	0.58599329671735	-0.0660492404393306
1185660.4.peg.992	3250.5	9682	-1.87988467818102	0.997295133761985	-1.57464344004603
1185660.4.peg.993	2341	4603.5	-1.3547359833445	0.998063495539184	-0.975606212075628
1185660.4.peg.999	14539	30097	-1.08334968729833	0.995745849069327	-1.04969164626266
