SEED_RAST	IANT_BiGG	IANT_MNXR	IANT_KEGG	Sum
rxn13782	0	0	0	0
rxn13783	0	0	0	0
rxn13784	0	0	0	0
rxn05514	0	0	0	0
rxn00006	0	1	0	2
rxn05824	0	0	0	0
rxn11718	0	0	0	0
rxn01453	0	0	0	0
rxn03908	0	1	1	2
rxn03333	1	1	1	3
rxn09692	0	0	0	0
rxn10770	1	1	1	3
rxn01256	0	1	0	2
rxn01255	1	1	1	3
rxn01805	0	0	0	0
rxn05211	0	0	0	0
rxn01827	0	1	0	2
rxn04736	0	1	1	2
rxn10473	0	0	0	0
rxn05467	0	0	0	0
rxn03970	0	0	0	0
rxn02303	1	1	1	3
rxn00256	0	1	1	2
rxn00786	0	0	0	0
rxn05198	0	0	0	0
rxn05317	0	0	0	0
rxn05494	0	0	0	0
rxn00313	1	1	1	3
rxn01974	1	1	1	3
rxn12643	0	0	0	0
rxn00020	0	1	1	2
rxn02277	1	1	1	3
rxn00258	0	0	0	0
rxn00735	0	1	0	1
rxn05953	0	0	0	0
rxn00953	0	0	0	0
rxn05205	0	0	0	0
rxn05681	0	0	0	0
rxn01123	0	0	0	0
rxn01332	0	1	1	2
rxn00328	1	1	1	3
rxn01459	0	0	0	0
rxn01670	0	0	0	0
rxn01750	0	0	0	0
rxn01816	0	1	0	1
rxn02842	0	0	0	0
rxn02260	0	0	0	0
rxn09688	0	0	0	0
rxn02687	0	0	0	0
rxn04600	0	0	0	0
rxn02795	0	0	0	0
rxn02962	0	0	0	0
rxn00686	1	1	1	3
rxn03005	0	1	0	1
rxn03012	0	0	0	0
rxn03014	0	0	0	0
rxn02504	0	1	1	2
rxn01465	1	1	1	3
rxn03282	0	1	1	2
rxn01626	0	0	0	0
rxn04599	0	0	0	0
rxn03394	0	0	0	0
rxn02200	0	1	0	1
rxn01499	0	0	0	0
rxn02212	1	1	1	3
rxn14054	0	1	1	2
rxn14089	0	1	1	2
rxn02261	0	0	0	0
rxn03618	0	0	0	0
rxn09687	0	0	0	0
rxn03860	0	0	0	0
rxn03906	0	0	0	0
rxn03921	0	0	0	0
rxn11663	0	1	0	2
rxn04726	0	1	1	2
rxn04727	0	0	0	0
rxn04737	0	0	0	0
rxn04760	0	0	0	0
rxn04908	0	1	0	1
rxn07258	0	0	0	0
rxn07261	0	0	0	0
rxn05142	0	0	0	0
rxn05143	0	0	0	0
rxn07312	0	0	0	0
rxn07680	0	0	0	0
rxn07684	0	0	0	0
rxn07688	0	0	0	0
rxn00100	1	1	1	3
rxn01216	0	0	0	0
rxn07876	0	0	0	0
rxn07883	0	0	0	0
rxn07885	0	0	0	0
rxn01790	0	0	0	0
rxn11710	0	0	0	0
rxn11712	0	0	0	0
rxn11716	0	0	0	0
rxn11725	0	0	0	0
rxn11809	0	1	1	2
rxn11834	0	1	1	2
rxn11838	0	1	0	1
rxn05649	0	0	0	0
rxn01518	0	1	0	1
rxn09685	0	0	0	0
rxn01519	1	1	1	3
rxn03958	0	1	1	2
rxn12191	0	1	1	2
rxn01331	0	0	0	0
rxn05353	0	1	0	2
rxn13990	0	0	0	0
rxn02167	1	1	1	3
rxn03247	1	1	1	3
rxn03245	1	1	1	3
rxn02911	1	1	1	3
rxn03241	1	1	1	3
rxn03240	1	1	1	3
rxn02934	1	1	1	3
rxn01477	1	1	1	3
rxn00459	1	1	1	3
rxn03917	0	0	0	0
rxn05551	0	0	0	0
rxn06181	0	0	0	0
rxn00943	0	1	0	2
rxn08444	0	0	0	0
rxn11711	0	0	0	0
rxn05736	1	1	0	3
rxn10481	0	1	0	2
rxn00947	1	1	1	3
rxn06734	0	0	0	0
rxn09449	1	1	0	2
rxn04792	0	1	1	2
rxn05105	0	0	0	0
rxn01334	0	0	0	0
rxn00371	1	1	1	3
rxn05555	0	1	0	2
rxn05195	0	1	0	2
rxn00056	0	1	0	2
rxn11040	0	1	0	2
rxn02262	0	0	0	0
rxn04658	0	0	0	0
rxn01602	1	1	0	2
rxn01652	1	1	0	2
rxn02483	0	0	0	0
rxn05937	0	1	1	2
rxn01492	0	0	0	0
rxn01653	0	0	0	0
rxn00691	1	1	1	3
rxn00799	1	1	1	3
rxn10152	0	0	0	0
rxn05561	0	0	0	0
rxn03446	0	1	0	1
rxn03638	0	1	0	2
rxn01629	1	1	1	3
rxn00611	1	1	1	3
rxn00612	1	1	1	3
rxn02373	1	1	1	3
rxn01975	1	1	1	3
rxn03887	0	0	0	0
rxn02173	1	1	1	3
rxn05567	0	0	0	0
rxn05569	0	0	0	0
rxn03004	1	1	1	3
rxn04783	0	1	0	2
rxn06493	1	1	1	3
rxn05127	0	0	0	0
rxn00692	1	1	1	3
rxn00929	1	1	1	3
rxn02009	0	0	0	0
rxn05040	0	1	1	2
rxn06848	0	0	0	0
rxn08336	0	1	0	2
rxn08527	1	1	0	3
rxn08557	0	0	0	0
rxn08976	1	0	0	1
rxn05574	0	0	0	0
rxn01948	0	0	0	0
rxn05734	0	0	0	0
rxn01286	0	0	0	0
rxn05181	0	1	0	2
rxn01102	0	0	0	0
rxn08647	0	0	0	0
rxn00512	0	1	1	2
rxn00324	1	1	1	3
rxn05247	0	1	0	1
rxn05248	0	1	0	1
rxn05249	0	1	0	1
rxn05250	0	1	0	1
rxn05251	0	1	0	1
rxn05252	0	1	0	1
rxn05315	0	0	0	0
rxn05360	0	0	0	0
rxn05361	0	0	0	0
rxn05362	0	0	0	0
rxn05364	0	0	0	0
rxn05365	0	0	0	0
rxn05366	0	0	0	0
rxn05368	0	0	0	0
rxn05369	0	0	0	0
rxn05370	0	0	0	0
rxn05372	0	0	0	0
rxn05373	0	0	0	0
rxn05374	0	0	0	0
rxn05376	0	0	0	0
rxn05377	0	0	0	0
rxn05378	0	0	0	0
rxn05380	0	0	0	0
rxn05381	0	0	0	0
rxn05382	0	0	0	0
rxn05385	0	0	0	0
rxn05386	0	0	0	0
rxn05387	0	0	0	0
rxn05389	0	0	0	0
rxn05390	0	0	0	0
rxn05391	0	0	0	0
rxn05393	0	0	0	0
rxn05394	0	0	0	0
rxn05395	0	0	0	0
rxn05397	0	0	0	0
rxn05398	0	0	0	0
rxn05399	0	0	0	0
rxn05401	0	0	0	0
rxn05402	0	0	0	0
rxn05403	0	0	0	0
rxn05405	0	0	0	0
rxn05406	0	0	0	0
rxn05407	0	0	0	0
rxn05410	0	0	0	0
rxn05412	0	0	0	0
rxn05414	0	0	0	0
rxn01011	0	1	0	1
rxn05416	0	0	0	0
rxn05418	0	0	0	0
rxn05420	0	0	0	0
rxn05422	0	0	0	0
rxn05424	0	0	0	0
rxn05426	0	0	0	0
rxn05428	0	0	0	0
rxn05430	0	0	0	0
rxn05432	0	0	0	0
rxn01274	0	1	1	2
rxn05461	0	0	0	0
rxn05463	0	0	0	0
rxn05501	0	0	0	0
rxn05582	0	0	0	0
rxn05614	0	0	0	0
rxn05722	0	0	0	0
rxn03919	0	0	0	0
rxn05735	0	0	0	0
rxn03360	0	0	0	0
rxn01115	1	1	1	3
rxn01275	0	0	0	0
rxn00758	1	1	1	3
rxn01073	1	1	1	3
rxn00086	0	1	1	2
rxn00351	0	1	1	2
rxn00299	1	1	1	3
rxn00300	0	1	1	2
rxn01462	0	0	0	0
rxn01080	1	1	1	3
rxn00102	1	1	1	3
rxn05319	0	0	0	0
rxn10194	0	0	0	0
rxn10195	0	0	0	0
rxn10196	0	0	0	0
rxn10203	0	1	0	1
rxn10205	0	1	0	1
rxn10206	0	1	0	1
rxn10207	0	1	0	1
rxn10208	0	1	0	1
rxn10209	0	1	0	1
rxn10210	0	1	0	1
rxn10214	0	0	0	0
rxn10215	0	0	0	0
rxn10216	0	0	0	0
rxn10217	0	0	0	0
rxn10218	0	0	0	0
rxn10219	0	0	0	0
rxn10226	0	0	0	0
rxn10227	0	0	0	0
rxn10228	0	0	0	0
rxn10229	0	0	0	0
rxn10230	0	0	0	0
rxn10231	0	0	0	0
rxn10232	0	1	0	1
rxn10233	0	1	0	1
rxn10234	0	1	0	1
rxn10235	0	1	0	1
rxn10236	0	1	0	1
rxn10237	0	1	0	1
rxn10253	0	1	0	1
rxn10254	0	1	0	1
rxn10255	0	1	0	1
rxn10256	0	1	0	1
rxn10257	0	1	0	1
rxn10258	0	1	0	1
rxn10259	0	1	0	1
rxn10260	0	1	0	1
rxn10261	0	1	0	1
rxn10262	0	1	0	1
rxn10263	0	1	0	1
rxn10264	0	1	0	1
rxn10265	0	0	0	0
rxn10266	0	0	0	0
rxn01451	0	0	0	0
rxn03249	0	1	0	2
rxn03246	0	1	0	2
rxn03244	0	0	0	0
rxn03242	0	0	0	0
rxn06777	0	0	0	0
rxn03239	0	0	0	0
rxn11268	0	0	0	0
rxn02933	0	0	0	0
rxn06037	0	0	0	0
rxn11944	0	1	0	2
rxn00452	0	1	0	1
rxn08703	0	0	0	0
rxn10162	0	0	0	0
rxn08710	0	0	0	0
rxn08711	0	0	0	0
rxn00975	0	0	0	0
rxn01825	0	1	0	2
rxn01480	1	1	0	2
rxn12844	0	0	0	0
rxn12846	0	0	0	0
rxn12847	0	0	0	0
rxn00866	0	0	0	0
rxn00859	1	1	1	3
rxn02160	0	0	0	0
rxn01930	0	1	0	2
rxn10168	0	1	0	2
rxn00991	0	0	0	0
rxn01117	1	1	1	3
rxn01014	0	0	0	0
rxn01013	0	1	0	1
rxn00988	0	1	0	2
rxn01301	0	0	0	0
rxn01302	0	0	0	0
rxn01303	0	0	0	0
rxn01300	1	1	1	3
rxn01297	0	0	0	0
rxn05201	0	0	0	0
rxn00192	0	0	0	0
rxn00469	0	0	0	0
rxn00973	1	1	1	3
rxn01388	1	1	1	3
rxn01637	1	1	1	3
rxn01257	0	1	1	2
rxn00394	0	1	0	2
rxn10131	0	0	0	0
rxn02473	0	0	0	0
rxn02507	0	0	0	0
rxn00649	0	1	1	2
rxn02853	0	0	0	0
rxn00832	0	1	0	2
rxn00834	1	1	1	3
rxn05316	0	0	0	0
rxn03062	1	1	1	3
rxn02811	1	1	1	3
rxn02789	1	1	1	3
rxn00902	0	1	1	2
rxn00193	0	0	0	0
rxn00085	1	1	1	3
rxn05297	0	0	0	0
rxn05298	0	0	0	0
rxn00404	0	0	0	0
rxn00350	0	1	0	2
rxn02320	1	1	1	3
rxn00505	1	1	1	3
rxn00336	1	1	1	3
rxn03135	0	0	0	0
rxn02404	1	1	1	3
rxn02331	0	1	1	2
rxn00806	1	1	1	3
rxn01438	0	1	0	2
rxn05206	0	0	0	0
rxn00375	0	0	0	0
rxn03445	1	1	0	2
rxn00470	0	1	0	2
rxn00467	0	1	0	2
rxn00499	0	0	0	0
rxn00493	0	1	1	2
rxn02914	1	1	1	3
rxn00183	0	0	0	0
rxn01834	0	1	1	2
rxn03087	0	1	0	2
rxn02944	0	1	1	2
rxn00527	0	1	1	2
rxn00903	1	1	0	2
rxn00260	1	1	1	3
rxn01603	0	1	0	1
rxn08796	1	1	0	2
rxn08797	1	1	0	2
rxn00412	1	1	1	3
rxn00917	1	1	1	3
rxn00727	1	1	1	3
rxn03433	0	0	0	0
rxn08804	0	1	0	1
rxn00179	1	1	1	3
rxn08806	0	1	0	1
rxn01641	0	0	0	0
rxn02949	1	1	1	3
rxn00646	0	1	0	2
rxn00190	0	0	0	0
rxn00416	1	1	1	3
rxn00414	1	1	1	3
rxn08839	0	1	0	1
rxn01639	0	0	0	0
rxn00484	0	0	0	0
rxn00320	0	0	0	0
rxn05305	0	0	0	0
rxn03060	0	0	0	0
rxn01851	1	1	1	3
rxn02339	0	0	0	0
rxn01215	0	1	0	2
rxn02429	1	1	1	3
rxn00181	0	0	0	0
rxn00330	0	1	1	2
rxn05170	0	1	0	2
rxn05607	0	0	0	0
rxn10153	0	0	0	0
rxn00178	1	1	1	3
rxn00676	1	1	1	3
rxn01775	1	1	1	3
rxn05610	0	0	0	0
rxn00874	1	1	1	3
rxn02889	0	0	0	0
rxn03248	1	1	1	3
rxn00289	1	1	1	3
rxn01987	0	1	0	1
rxn02680	1	1	1	3
rxn03243	1	1	1	3
rxn00248	0	0	0	0
rxn05104	0	1	1	2
rxn06510	1	1	1	3
rxn00161	0	1	0	2
rxn03910	0	1	1	2
rxn02804	1	1	1	3
rxn00679	0	1	1	2
rxn00126	1	1	1	3
rxn05183	0	1	0	2
rxn00693	0	1	0	1
rxn05613	0	1	0	2
rxn05219	0	1	0	2
rxn10571	0	0	0	0
rxn05616	0	0	0	0
rxn01504	0	0	0	0
rxn02460	0	0	0	0
rxn00881	0	0	0	0
rxn00883	0	0	0	0
rxn00882	0	0	0	0
rxn03061	0	0	0	0
rxn05909	0	1	0	2
rxn03537	0	0	0	0
rxn05349	0	1	0	2
rxn05465	1	1	1	3
rxn01387	0	0	0	0
rxn00533	1	0	0	1
rxn00669	0	0	0	0
rxn00501	0	1	0	2
rxn00671	0	0	0	0
rxn03462	0	0	0	0
rxn03182	0	0	0	0
rxn03439	0	0	0	0
rxn00912	1	1	1	3
rxn01022	1	1	1	3
rxn01211	0	0	0	0
rxn00907	1	1	1	3
rxn04954	1	1	1	3
rxn00910	1	1	1	3
rxn01134	0	1	1	2
rxn03057	0	0	0	0
rxn02369	0	0	0	0
rxn06865	0	0	0	0
rxn00077	0	1	0	2
rxn00083	0	1	0	2
rxn05209	0	0	0	0
rxn05617	0	0	0	0
rxn06723	0	0	0	0
rxn06729	1	1	1	3
rxn01917	0	1	0	2
rxn00105	0	0	0	0
rxn10181	0	0	0	0
rxn02897	0	1	1	2
rxn05625	0	0	0	0
rxn05627	0	0	0	0
rxn02898	0	0	0	0
rxn02400	0	0	0	0
rxn01521	0	0	0	0
rxn01961	0	0	0	0
rxn00831	0	1	0	2
rxn00708	0	0	0	0
rxn01218	0	0	0	0
rxn00363	0	1	0	2
rxn01145	0	0	0	0
rxn01507	0	0	0	0
rxn00132	0	0	0	0
rxn01445	0	0	0	0
rxn00913	0	0	0	0
rxn05468	0	0	0	0
rxn10161	0	0	0	0
rxn00290	1	1	1	3
rxn03395	0	0	0	0
rxn01208	0	1	1	2
rxn00710	1	1	1	3
rxn02283	0	0	0	0
rxn03393	0	0	0	0
rxn02104	0	0	0	0
rxn00472	0	0	0	0
rxn02144	1	1	1	3
rxn01461	0	0	0	0
rxn01791	1	1	1	3
rxn00868	0	1	0	2
rxn03904	1	1	0	2
rxn01192	0	0	0	0
rxn10010	0	0	0	0
rxn00209	1	1	1	3
rxn10011	0	0	0	0
rxn10012	0	1	0	2
rxn02314	0	0	0	0
rxn01343	0	0	0	0
rxn01485	1	1	1	3
rxn01101	1	1	1	3
rxn01100	1	1	1	3
rxn10013	0	0	0	0
rxn01476	0	0	0	0
rxn00980	1	1	1	3
rxn01106	1	1	0	2
rxn10014	0	1	0	2
rxn05732	0	0	0	0
rxn00497	0	0	0	0
rxn01923	0	1	0	2
rxn05145	0	1	0	1
rxn05312	0	0	0	0
rxn09131	0	1	0	1
rxn09152	0	0	0	0
rxn01329	1	1	1	3
rxn05039	0	0	0	0
rxn12510	0	1	0	2
rxn00001	1	1	1	3
rxn00029	1	1	1	3
rxn00251	1	1	1	3
rxn02341	0	1	0	2
rxn09177	0	1	0	2
rxn12512	0	1	0	2
rxn01268	0	1	0	2
rxn01269	0	0	0	0
rxn01000	0	1	0	2
rxn00999	0	0	0	0
rxn00147	1	1	1	3
rxn02508	0	1	0	2
rxn02835	1	1	1	3
rxn02834	0	0	0	0
rxn00427	0	0	0	0
rxn00974	1	1	1	3
rxn03175	1	1	1	3
rxn05165	0	0	0	0
rxn05638	0	0	0	0
rxn10945	0	0	0	0
rxn02181	0	1	1	2
rxn02476	1	1	1	3
rxn02046	0	0	0	0
rxn00420	0	0	0	0
rxn02175	1	1	1	3
rxn05163	0	1	0	1
rxn01649	0	0	0	0
rxn00175	1	1	1	3
rxn01807	0	0	0	0
rxn00124	0	0	0	0
rxn01396	0	0	0	0
rxn00148	1	1	1	3
rxn01530	0	1	1	2
rxn01103	0	0	0	0
rxn00227	0	0	0	0
rxn12640	0	0	0	0
rxn01671	0	0	0	0
rxn01116	1	1	1	3
rxn03841	0	0	0	0
rxn03150	0	1	1	2
rxn14301	0	0	0	0
rxn05359	0	0	0	0
rxn05363	0	0	0	0
rxn05367	0	0	0	0
rxn05371	0	0	0	0
rxn05375	0	0	0	0
rxn05379	0	0	0	0
rxn05384	0	0	0	0
rxn05388	0	0	0	0
rxn05392	0	0	0	0
rxn05396	0	0	0	0
rxn05400	0	0	0	0
rxn05404	0	0	0	0
rxn05409	0	0	0	0
rxn05413	0	0	0	0
rxn05417	0	0	0	0
rxn05421	0	0	0	0
rxn05425	0	0	0	0
rxn05429	0	0	0	0
rxn00379	1	1	1	3
rxn10184	0	0	0	0
rxn00097	1	1	1	3
rxn01973	1	1	1	3
rxn10052	1	1	0	2
rxn03380	0	0	0	0
rxn06591	0	1	1	2
rxn05307	0	0	0	0
rxn00127	1	1	1	3
rxn01739	1	1	1	3
rxn00065	0	1	0	2
rxn00134	0	0	0	0
rxn06672	0	1	1	2
rxn06673	0	1	0	2
rxn05651	0	0	0	0
rxn06937	1	1	1	3
rxn05175	0	1	0	1
rxn01406	1	1	1	3
rxn00206	0	0	0	0
rxn00422	0	0	0	0
rxn00508	0	1	0	2
rxn05318	0	0	0	0
rxn02831	1	1	1	3
rxn10154	0	0	0	0
rxn05654	0	0	0	0
rxn00285	1	1	1	3
rxn05655	0	0	0	0
rxn05153	0	1	0	2
rxn05172	0	1	0	1
rxn01997	1	1	1	3
rxn03181	1	1	1	3
rxn10125	0	1	0	2
rxn03031	1	1	1	3
rxn05200	0	0	0	0
rxn00541	0	0	0	0
rxn01069	1	1	1	3
rxn01143	1	1	1	3
rxn00781	1	1	1	3
rxn00782	0	1	0	2
rxn01146	0	0	0	0
rxn01520	1	1	1	3
rxn00747	1	1	1	3
rxn02004	1	1	1	3
rxn02005	0	0	0	0
rxn00361	0	1	0	2
rxn00478	0	1	0	2
rxn00800	1	1	1	3
rxn00474	1	1	1	3
rxn05663	0	0	0	0
rxn03136	1	1	1	3
rxn05176	0	1	0	2
rxn10163	0	0	0	0
rxn00529	0	0	0	0
rxn02011	1	1	1	3
rxn02008	1	1	1	3
rxn03164	0	1	0	1
rxn12549	0	0	0	0
rxn02264	0	0	0	0
rxn02288	1	1	1	3
rxn03384	1	1	0	2
rxn05199	0	0	0	0
rxn03130	0	0	0	0
rxn05358	0	0	0	0
rxn05383	0	0	0	0
rxn05408	0	0	0	0
rxn05451	0	0	0	0
rxn05452	0	0	0	0
rxn05453	0	0	0	0
rxn05454	0	0	0	0
rxn05455	0	0	0	0
rxn05456	0	0	0	0
rxn05457	0	0	0	0
rxn05459	0	0	0	0
rxn00904	0	0	0	0
rxn02321	0	1	0	1
rxn01522	0	0	0	0
rxn00199	0	1	0	1
rxn01292	0	0	0	0
rxn03287	0	0	0	0
rxn05005	0	0	0	0
rxn10113	0	0	0	0
rxn00783	1	1	1	3
rxn08333	0	0	0	0
rxn02190	0	0	0	0
rxn02213	0	1	0	2
rxn01213	1	1	1	3
rxn03909	0	1	1	2
rxn03884	1	1	1	3
rxn09436	0	1	0	2
rxn01486	1	1	1	3
rxn08546	1	1	0	2
rxn01241	1	1	0	2
rxn06377	1	1	1	3
rxn03893	0	0	0	0
rxn02503	1	1	1	3
rxn08756	0	1	0	1
rxn08792	0	1	0	1
rxn03159	0	1	1	2
rxn05293	0	1	0	2
rxn03035	0	0	0	0
rxn00839	1	1	1	3
rxn10120	1	1	0	3
rxn03903	1	1	0	2
rxn01871	1	1	0	2
rxn09167	1	1	0	3
rxn03084	1	1	1	3
rxn05647	0	0	0	0
rxn03063	0	0	0	0
rxn01740	1	1	1	3
rxn02305	1	1	1	3
rxn09320	0	0	0	0
rxn00461	1	1	1	3
rxn03933	0	0	0	0
rxn03408	0	0	0	0
rxn02286	1	1	1	3
rxn02285	1	0	0	1
rxn03901	0	1	0	1
rxn09345	0	1	1	2
rxn03146	0	0	0	0
rxn03397	0	0	0	0
rxn00675	0	1	0	1
rxn00016	0	1	1	2
rxn01169	0	1	1	2
rxn00933	0	0	0	0
rxn01107	0	0	0	0
rxn04113	0	1	0	1
rxn02465	1	1	1	3
rxn02406	0	0	0	0
rxn00196	0	0	0	0
rxn14294	0	0	0	0
rxn00272	0	0	0	0
rxn05871	0	1	1	2
rxn00141	0	1	0	2
rxn02159	0	1	0	1
rxn02015	0	0	0	0
rxn03137	0	1	0	2
rxn03918	0	0	0	0
rxn00986	0	1	0	1
rxn05049	0	1	1	2
rxn00863	0	1	0	1
rxn04068	0	0	0	0
rxn11567	0	0	0	0
rxn08094	1	1	0	2
rxn03120	0	0	0	0
rxn03273	0	0	0	0
rxn03440	0	0	0	0
rxn03871	0	0	0	0
rxn04139	0	0	0	0
rxn03167	0	0	0	0
rxn02925	0	0	0	0
rxn04723	0	0	0	0
rxn04724	0	0	0	0
rxn04748	0	0	0	0
rxn04750	0	1	0	2
rxn05006	0	1	0	2
rxn07734	0	0	0	0
rxn07875	0	0	0	0
rxn11713	0	0	0	0
rxn11714	0	0	0	0
rxn11717	0	0	0	0
rxn11719	0	0	0	0
rxn11720	0	0	0	0
rxn11721	0	0	0	0
rxn11722	0	0	0	0
rxn11723	0	0	0	0
rxn11727	0	0	0	0
rxn00222	0	1	0	1
rxn00851	1	1	1	3
rxn01702	0	1	0	1
rxn06624	0	0	0	0
rxn00283	1	1	1	3
rxn06488	0	0	0	0
rxn03002	0	0	0	0
rxn11724	0	0	0	0
rxn05024	0	0	0	0
rxn02418	0	1	1	2
rxn02166	0	1	1	2
rxn12635	0	0	0	0
rxn12633	0	0	0	0
rxn12639	0	0	0	0
rxn12641	0	0	0	0
rxn12642	0	0	0	0
rxn12645	0	0	0	0
rxn12646	0	0	0	0
rxn12634	0	0	0	0
rxn12637	0	0	0	0
rxn01345	0	1	0	1
rxn00543	1	1	1	3
rxn00406	0	0	0	0
rxn02345	0	0	0	0
rxn00658	0	0	0	0
rxn01972	0	1	0	2
rxn01854	0	0	0	0
rxn06690	0	0	0	0
rxn07476	0	0	0	0
rxn03142	0	0	0	0
rxn00506	0	0	0	0
rxn00743	0	1	0	1
rxn02796	0	0	0	0
rxn10199	0	0	0	0
rxn01927	0	1	0	2
rxn05338	1	1	1	3
rxn05340	1	1	1	3
rxn05342	1	1	1	3
rxn05336	1	1	1	3
rxn05337	1	1	1	3
rxn05341	1	1	1	3
rxn00927	0	1	1	2
rxn00139	1	1	1	3
rxn00838	1	1	1	3
rxn08083	0	0	0	0
rxn08085	0	0	0	0
rxn01872	1	1	0	2
rxn00763	1	0	0	1
rxn01124	0	1	1	2
rxn10094	0	0	0	0
rxn02916	0	0	0	0
rxn00789	1	1	1	3
rxn00795	0	0	0	0
rxn00058	0	1	0	2
rxn10806	0	0	0	0
rxn00364	1	1	1	3
rxn01219	1	1	1	3
rxn01127	0	1	0	1
rxn08306	1	1	0	2
rxn08308	1	1	0	2
rxn08310	1	1	0	2
rxn08312	1	1	0	2
rxn01509	1	1	0	2
rxn00898	1	1	1	3
rxn08335	0	0	0	0
rxn08352	0	1	0	1
rxn01513	1	1	1	3
rxn05356	0	1	0	2
rxn05355	0	1	0	2
rxn05351	0	1	0	2
rxn05357	0	1	0	2
rxn05352	0	1	0	2
rxn03974	0	0	0	0
rxn02201	1	1	1	3
rxn08528	1	1	0	2
rxn09272	1	0	0	1
rxn03843	0	0	0	0
rxn01675	1	1	1	3
rxn08547	1	1	0	2
rxn08548	1	1	0	2
rxn08549	1	1	0	2
rxn08556	0	0	0	0
rxn08558	0	0	0	0
rxn02374	0	0	0	0
rxn06038	0	0	0	0
rxn00604	1	1	1	3
rxn01977	1	1	0	2
rxn08583	0	0	0	0
rxn00213	1	1	1	3
rxn00239	1	1	1	3
rxn09562	1	1	0	2
rxn08619	0	0	0	0
rxn08620	0	0	0	0
rxn00790	1	1	1	3
rxn00274	0	0	0	0
rxn05581	0	0	0	0
rxn00615	1	1	1	3
rxn01226	0	1	1	2
rxn08669	1	1	0	2
rxn01466	1	1	1	3
rxn00303	1	1	1	3
rxn00915	1	1	0	2
rxn08708	0	0	0	0
rxn08709	0	0	0	0
rxn03891	1	0	0	1
rxn00836	1	1	1	3
rxn10118	0	0	0	0
rxn01299	0	1	1	2
rxn01642	0	0	0	0
rxn02186	1	1	1	3
rxn02405	1	1	1	3
rxn00145	0	0	1	1
rxn08793	0	1	0	1
rxn08798	1	1	0	2
rxn08799	1	1	0	2
rxn08801	1	1	0	2
rxn08802	0	1	0	1
rxn08816	0	1	0	1
rxn08817	1	1	0	2
rxn08818	1	1	0	2
rxn08819	1	1	0	2
rxn08823	0	1	0	1
rxn08841	1	1	0	2
rxn08843	1	1	0	2
rxn00640	0	0	0	0
rxn02228	0	0	0	0
rxn02230	1	1	1	3
rxn03907	0	1	1	2
rxn05618	0	0	0	0
rxn08954	0	0	0	0
rxn01265	1	1	0	2
rxn00237	1	1	1	3
rxn00117	1	1	1	3
rxn00409	1	1	1	3
rxn01512	1	1	1	3
rxn01353	1	1	1	3
rxn01678	1	1	1	3
rxn01673	1	1	1	3
rxn00515	1	1	1	3
rxn00941	0	0	0	0
rxn02402	1	1	1	3
rxn10121	0	1	0	2
rxn01893	0	0	0	0
rxn01362	1	1	1	3
rxn00503	0	1	0	2
rxn00305	0	0	0	0
rxn00704	1	1	1	3
rxn02107	0	0	0	0
rxn09108	1	1	0	2
rxn09109	0	1	0	1
rxn09110	0	1	0	1
rxn09111	1	1	0	2
rxn09112	1	1	0	2
rxn09113	1	1	0	2
rxn09114	1	1	0	2
rxn03971	0	0	0	0
rxn09123	1	1	0	2
rxn09125	1	1	0	2
rxn09129	0	1	0	1
rxn09133	1	1	0	2
rxn09135	1	1	0	2
rxn09144	0	0	0	0
rxn09146	0	0	0	0
rxn09150	0	0	0	0
rxn09164	0	0	0	0
rxn03108	1	1	1	3
rxn00242	1	1	1	3
rxn02304	0	0	0	0
rxn02895	1	1	1	3
rxn00770	1	1	0	2
rxn09198	0	1	0	1
rxn09200	1	1	0	2
rxn09202	1	1	0	2
rxn09203	1	1	0	2
rxn09205	0	0	0	0
rxn09206	0	0	0	0
rxn09207	0	0	0	0
rxn09208	0	0	0	0
rxn09209	0	0	0	0
rxn09210	0	0	0	0
rxn09211	0	0	0	0
rxn02989	0	1	0	2
rxn00392	0	0	0	0
rxn00772	1	1	0	2
rxn00777	1	1	0	2
rxn09240	0	1	0	1
rxn02774	0	0	0	0
rxn02056	0	0	0	0
rxn03630	1	1	1	3
rxn02003	1	1	1	3
rxn01068	1	1	1	3
rxn09310	0	0	0	0
rxn01200	1	1	0	2
rxn00438	1	1	1	3
rxn00605	1	1	1	3
rxn02312	1	1	1	3
rxn00293	0	0	0	0
rxn00211	1	1	1	3
rxn00119	1	1	1	3
rxn00711	1	1	1	3
rxn02085	0	0	0	0
rxn01517	0	1	0	1
rxn01544	0	1	0	1
rxn01545	0	1	1	2
rxn00776	0	0	0	0
rxn00224	1	1	1	3
rxn11599	0	0	0	0
rxn02229	0	1	0	1
rxn00441	0	1	0	1
rxn02185	0	1	0	1
rxn00921	0	0	0	0
rxn04989	0	0	0	0
rxn06577	0	0	0	0
rxn02693	0	0	0	0
rxn00259	0	0	0	0
rxn03923	0	0	0	0
rxn02421	0	0	0	0
rxn01157	0	0	0	0
rxn02617	0	0	0	0
rxn02586	0	0	0	0
rxn04977	0	0	0	0
rxn04757	0	0	0	0
rxn05287	0	0	0	0
rxn00905	0	1	0	1
rxn05106	0	1	0	2
rxn14090	0	0	0	0
rxn00798	0	0	0	0
rxn04996	0	1	0	1
rxn00650	0	1	1	2
rxn00519	0	0	0	0
rxn00589	0	0	0	0
rxn11759	0	1	0	1
rxn07449	0	0	0	0
rxn00314	0	0	0	0
rxn00931	1	1	1	3
rxn02297	1	1	1	3
rxn00011	0	1	0	1
rxn00302	0	1	0	1
rxn00700	0	0	0	0
rxn00707	0	1	0	2
rxn00714	0	0	0	0
rxn00656	0	0	0	0
rxn11962	0	0	0	0
rxn02791	0	1	0	1
rxn03068	0	1	0	1
rxn05339	0	1	1	2
rxn03174	0	1	0	1
rxn05354	0	1	0	2
rxn03421	0	1	0	1
rxn02187	0	1	0	1
rxn06526	0	1	1	2
rxn03511	0	0	0	0
rxn02474	0	0	0	0
rxn12008	0	0	0	0
rxn03892	0	0	0	0
rxn03916	0	0	0	0
rxn00068	0	1	0	2
rxn04132	0	0	0	0
rxn04270	0	0	0	0
rxn04271	0	0	0	0
rxn04278	0	0	0	0
rxn02000	1	1	1	3
rxn04457	0	0	0	0
rxn04674	0	0	0	0
rxn04744	0	0	0	0
rxn04745	0	0	0	0
rxn07230	0	0	0	0
rxn07430	0	0	0	0
rxn07432	0	0	0	0
rxn07670	0	0	0	0
rxn07672	0	0	0	0
rxn07673	0	0	0	0
rxn07720	0	0	0	0
rxn07721	0	0	0	0
rxn07842	0	0	0	0
rxn01964	1	1	1	3
rxn03015	0	0	0	0
rxn03052	0	1	0	1
rxn01804	0	0	0	0
rxn03436	0	1	0	1
rxn02819	0	0	0	0
rxn05173	0	1	0	2
rxn00405	1	1	1	3
rxn02199	0	0	0	0
rxn05458	0	0	0	0
rxn00802	1	1	1	3
rxn01434	1	1	1	3
rxn00555	1	1	1	3
rxn00577	0	0	0	0
rxn01575	0	1	0	1
rxn01925	0	0	0	0
rxn02268	0	1	0	2
rxn02302	0	0	0	0
rxn02342	0	1	0	1
rxn02376	0	1	0	1
rxn02409	0	0	0	0
rxn02792	0	1	0	1
rxn03194	0	1	0	1
rxn03437	0	1	0	1
rxn03762	0	0	0	0
rxn05144	0	0	0	0
rxn05229	0	1	0	2
rxn05267	0	0	0	0
rxn05460	0	0	0	0
rxn05517	0	0	0	0
rxn05671	0	0	0	0
rxn06335	0	0	0	0
rxn06586	0	0	0	0
rxn07431	0	0	0	0
rxn07433	0	0	0	0
rxn07434	0	0	0	0
rxn07435	0	0	0	0
rxn07586	0	0	0	0
rxn09450	0	1	0	1
rxn09448	0	1	0	1
rxn08615	0	1	0	1
rxn08800	0	1	0	1
rxn08808	0	1	0	1
rxn08809	0	1	0	1
rxn08821	0	1	0	1
rxn09127	0	1	0	1
rxn09148	0	0	0	0
rxn09156	0	0	0	0
rxn09157	0	0	0	0
rxn09988	0	0	0	0
rxn09997	0	0	0	0
rxn10043	0	0	0	0
rxn10202	0	1	0	1
rxn10220	0	1	0	1
rxn10221	0	1	0	1
rxn10222	0	1	0	1
rxn10223	0	1	0	1
rxn10224	0	1	0	1
rxn10225	0	1	0	1
rxn10334	0	0	0	0
rxn10336	0	0	0	0
rxn10337	0	0	0	0
rxn10338	0	0	0	0
rxn10339	0	0	0	0
rxn10340	0	0	0	0
rxn10341	0	0	0	0
rxn10342	0	0	0	0
rxn01148	0	0	0	0
rxn12224	0	0	0	0
rxn12636	0	0	0	0
rxn12638	0	0	0	0
rxn12644	0	0	0	0
rxn12664	0	0	0	0
rxn13661	0	0	0	0
rxn01405	0	0	0	0
rxn01210	0	1	0	1
rxn05343	1	1	1	3
rxn05348	1	1	1	3
rxn05345	1	1	1	3
rxn05344	1	1	1	3
rxn05346	1	1	1	3
rxn05350	1	1	1	3
rxn11755	0	0	0	0
rxn00892	0	0	0	0
rxn05485	0	0	0	0
rxn00872	0	0	0	0
rxn02270	0	0	0	0
rxn02866	1	1	0	2
rxn01924	0	0	0	0
rxn06023	0	0	0	0
rxn01137	1	1	0	2
rxn03540	0	0	0	0
rxn03536	0	1	1	2
rxn03538	0	0	0	0
rxn00775	0	0	0	0
rxn00122	0	0	0	0
rxn01484	1	1	1	3
rxn01029	0	0	0	0
rxn08084	0	0	0	0
rxn08086	0	0	0	0
rxn08087	0	0	0	0
rxn08088	0	0	0	0
rxn08089	0	0	0	0
rxn02938	1	1	1	3
rxn02275	0	0	0	0
rxn01843	0	0	0	0
rxn02222	0	0	0	0
rxn00231	0	0	0	0
rxn03839	0	0	0	0
rxn00726	0	1	0	1
rxn05256	0	0	0	0
rxn05092	0	0	0	0
rxn00342	1	1	0	2
rxn10042	1	1	0	2
rxn08180	1	1	0	2
rxn05029	1	1	1	3
rxn10147	0	0	0	0
rxn00853	0	0	0	0
rxn10474	0	0	0	0
rxn00730	0	0	0	0
rxn04052	0	0	0	0
rxn00113	0	0	0	0
rxn00717	0	0	0	0
rxn00410	1	1	0	2
rxn03535	1	1	1	3
rxn00566	0	1	0	1
rxn05733	0	1	0	1
rxn01368	0	0	0	0
rxn08291	1	1	0	2
rxn01858	0	1	0	1
rxn08297	1	1	0	2
rxn08307	1	1	0	2
rxn08309	1	1	0	2
rxn08311	1	1	0	2
rxn01672	0	0	0	0
rxn00407	0	0	0	0
rxn01800	0	0	0	0
rxn06728	0	0	0	0
rxn00055	0	0	0	0
rxn02475	0	0	0	0
rxn03080	1	0	0	1
rxn00539	1	1	0	2
rxn02576	0	0	0	0
rxn05466	0	0	0	0
rxn08433	0	0	0	0
rxn08438	0	0	0	0
rxn01754	0	0	0	0
rxn00549	1	1	1	3
rxn08521	0	0	0	0
rxn00689	1	1	1	3
rxn00288	1	1	0	2
rxn05560	0	0	0	0
rxn08550	1	1	0	2
rxn08551	1	1	0	2
rxn08552	1	1	0	2
rxn00616	0	1	0	1
rxn00552	0	0	0	0
rxn02380	0	1	0	1
rxn00187	1	1	0	2
rxn00189	0	1	0	1
rxn06600	1	1	0	2
rxn00182	0	0	0	0
rxn03406	0	1	0	1
rxn03407	0	1	0	1
rxn03409	0	1	0	1
rxn03046	0	0	0	0
rxn01802	0	0	0	0
rxn00908	1	1	0	2
rxn01225	0	0	0	0
rxn08712	0	0	0	0
rxn08713	0	0	0	0
rxn00867	0	0	0	0
rxn00060	0	1	0	1
rxn00015	0	0	0	0
rxn03435	0	1	0	1
rxn05347	1	1	1	3
rxn01053	0	0	0	0
rxn01643	1	1	1	3
rxn08820	1	1	0	2
rxn08822	1	1	0	2
rxn00559	1	1	1	3
rxn00721	0	0	0	0
rxn01025	0	0	0	0
rxn06077	0	0	0	0
rxn08971	1	0	0	1
rxn08975	1	0	0	1
rxn10122	1	1	0	2
rxn00138	0	0	0	0
rxn00568	0	1	0	1
rxn00569	0	1	0	1
rxn05239	1	1	1	3
rxn03512	0	0	0	0
rxn00545	0	0	0	0
rxn04043	0	0	0	0
rxn00558	1	1	1	3
rxn01315	0	0	0	0
rxn04453	0	1	0	2
rxn09124	1	1	0	2
rxn09126	1	1	0	2
rxn09128	1	1	0	2
rxn09145	0	0	0	0
rxn09147	0	0	0	0
rxn09149	0	0	0	0
rxn02937	1	1	1	3
rxn03147	1	1	1	3
rxn00932	0	0	0	0
rxn09188	0	0	0	0
rxn09197	1	1	0	2
rxn09201	1	1	0	2
rxn00655	0	0	0	0
rxn11726	0	0	0	0
rxn00208	1	1	0	2
rxn00048	1	1	1	3
rxn05231	1	1	1	3
rxn05233	1	1	1	3
rxn06076	1	1	1	3
rxn06075	1	1	1	3
rxn03886	0	0	0	0
rxn00165	1	1	0	2
rxn00740	0	1	0	1
rxn10126	0	0	0	0
rxn00623	0	1	1	2
rxn00737	0	0	0	0
rxn01333	1	1	1	3
rxn05289	1	1	1	3
rxn09296	0	0	0	0
rxn00785	1	1	0	2
rxn03842	0	1	0	1
rxn00101	0	0	0	0
rxn01199	1	1	1	3
rxn06453	0	0	0	0
rxn03289	0	0	0	0
rxn00847	0	0	0	0
rxn00678	0	0	0	0
rxn01066	0	0	0	0
rxn03365	0	0	0	0
rxn05814	0	0	0	0
rxn00550	0	0	0	0
rxn06060	0	0	0	0
rxn01457	0	1	0	1
rxn06098	0	0	0	0
rxn06099	0	0	0	0
rxn01995	0	0	0	0
rxn02359	0	0	0	0
rxn02360	0	0	0	0
rxn02362	0	0	0	0
rxn02391	0	0	0	0
rxn06394	0	0	0	0
rxn02821	0	0	0	0
rxn07438	0	0	0	0
rxn06647	0	0	0	0
rxn03094	0	0	0	0
rxn03095	0	0	0	0
rxn06735	0	0	0	0
rxn06759	0	0	0	0
rxn06760	0	0	0	0
rxn03185	0	0	0	0
rxn03236	0	0	0	0
rxn03366	0	0	0	0
rxn03419	0	1	0	1
rxn03463	0	0	0	0
rxn03465	0	0	0	0
rxn03467	0	0	0	0
rxn06864	0	1	0	1
rxn03644	0	0	0	0
rxn03872	0	0	0	0
rxn11946	0	1	1	2
rxn03951	0	0	0	0
rxn07099	0	0	0	0
rxn07100	0	0	0	0
rxn04413	0	1	1	2
rxn00346	1	1	1	3
rxn12013	0	0	0	0
rxn05034	0	0	0	0
rxn05116	0	0	0	0
rxn05126	0	0	0	0
rxn01018	1	1	1	3
rxn07841	0	0	0	0
rxn00428	0	0	0	0
rxn11715	0	0	0	0
rxn11801	0	0	0	0
rxn12052	0	0	0	0
rxn14256	0	0	0	0
rxn13971	0	0	0	0
rxn04938	0	1	1	2
rxn00337	1	1	1	3
rxn01270	0	1	0	1
rxn07454	0	0	0	0
rxn04070	0	1	1	2
rxn00771	0	0	0	0
rxn10151	0	0	0	0
rxn05012	0	1	1	2
rxn12206	0	0	0	0
rxn05872	0	1	0	1
rxn00532	0	0	0	0
rxn03915	0	0	0	0
rxn10204	0	1	0	1
rxn00792	1	1	0	2
rxn00007	0	1	0	1
rxn00012	0	0	0	0
rxn00022	0	0	0	0
rxn00216	0	1	0	1
rxn00223	0	1	0	1
rxn00495	0	0	0	0
rxn00575	0	0	0	0
rxn00633	0	0	0	0
rxn00742	0	1	0	1
rxn00794	0	0	0	0
rxn00804	0	0	0	0
rxn00816	0	0	0	0
rxn01044	0	1	0	1
rxn01045	0	0	0	0
rxn01051	0	0	0	0
rxn01171	0	1	0	1
rxn01547	0	0	0	0
rxn01573	0	0	0	0
rxn01635	0	0	0	0
rxn01640	0	0	0	0
rxn02090	0	0	0	0
rxn02131	0	0	0	0
rxn02182	0	0	0	0
rxn02695	0	0	0	0
rxn02696	0	0	0	0
rxn00653	0	1	0	1
rxn03323	0	0	0	0
rxn03402	0	1	0	1
rxn03487	0	0	0	0
rxn03488	0	0	0	0
rxn03848	0	0	0	0
rxn03849	0	0	0	0
rxn03869	0	0	0	0
rxn04133	0	0	0	0
rxn05147	0	0	0	0
rxn05226	0	0	0	0
rxn05673	0	0	0	0
rxn05778	0	0	0	0
rxn05779	0	0	0	0
rxn05948	0	0	0	0
rxn06403	0	1	0	1
rxn06750	0	0	0	0
rxn06752	0	0	0	0
rxn06823	0	1	0	1
rxn07056	0	1	0	1
rxn08126	0	0	0	0
rxn08127	0	0	0	0
rxn08128	0	0	0	0
rxn08129	0	0	0	0
rxn08294	0	1	0	1
rxn08295	0	1	0	1
rxn08296	0	1	0	1
rxn08298	0	1	0	1
rxn08299	0	1	0	1
rxn08300	0	1	0	1
rxn10116	0	0	0	0
rxn08618	0	0	0	0
rxn08803	0	1	0	1
rxn08805	0	1	0	1
rxn08807	0	1	0	1
rxn08810	0	1	0	1
rxn08811	0	1	0	1
rxn08812	0	1	0	1
rxn08813	0	1	0	1
rxn08814	0	1	0	1
rxn08815	0	1	0	1
rxn08838	0	1	0	1
rxn08840	0	1	0	1
rxn08842	0	1	0	1
rxn08844	0	1	0	1
rxn08845	0	1	0	1
rxn08846	0	1	0	1
rxn08847	0	1	0	1
rxn08848	0	1	0	1
rxn08849	0	1	0	1
rxn08850	0	1	0	1
rxn08851	0	1	0	1
rxn09130	0	1	0	1
rxn09132	0	1	0	1
rxn09134	0	1	0	1
rxn09136	0	1	0	1
rxn09137	0	1	0	1
rxn09138	0	1	0	1
rxn09139	0	1	0	1
rxn09140	0	1	0	1
rxn09141	0	1	0	1
rxn09142	0	1	0	1
rxn09143	0	1	0	1
rxn09151	0	0	0	0
rxn09153	0	0	0	0
rxn09154	0	0	0	0
rxn09155	0	0	0	0
rxn09158	0	0	0	0
rxn09159	0	0	0	0
rxn09160	0	0	0	0
rxn09161	0	0	0	0
rxn09162	0	0	0	0
rxn09163	0	0	0	0
rxn09199	0	1	0	1
rxn09225	0	0	0	0
rxn00992	0	0	0	0
rxn09978	0	1	0	1
rxn09979	0	1	0	1
rxn10060	0	0	0	0
rxn10211	0	0	0	0
rxn10212	0	0	0	0
rxn10213	0	0	0	0
rxn10335	0	0	0	0
rxn11612	0	0	0	0
rxn11749	0	0	0	0
rxn12845	0	0	0	0
rxn01867	1	1	1	3
rxn01868	1	1	0	2
rxn01682	1	1	1	3
rxn00741	0	0	0	0
rxn00137	1	1	1	3